fundingTime,fundingTime_dt,fundingRate,markPrice
1767196800001,2025-12-31 16:00:00,0.00141422,0.08038915
1767211200009,2025-12-31 20:00:00,0.00197441,0.08284754
1767225600008,2026-01-01 00:00:00,0.00188551,0.08531116
1767240000000,2026-01-01 04:00:00,0.00115898,0.08091386
1767254400002,2026-01-01 08:00:00,0.00080757,0.07726708
1767268800007,2026-01-01 12:00:00,0.00036916,0.07761618
1767283200001,2026-01-01 16:00:00,0.00019232,0.07559000
1767297600005,2026-01-01 20:00:00,0.00049937,0.07601127
1767312000006,2026-01-02 00:00:00,0.00102773,0.08130349
1767326400000,2026-01-02 04:00:00,0.00024948,0.07796647
1767340800007,2026-01-02 08:00:00,0.00033725,0.07815015
1767355200000,2026-01-02 12:00:00,0.00062870,0.07998729
1767369600000,2026-01-02 16:00:00,0.00036514,0.07734960
1767384000000,2026-01-02 20:00:00,0.00086585,0.08277219
1767398400001,2026-01-03 00:00:00,0.00032205,0.07872399
1767412800000,2026-01-03 04:00:00,0.00045976,0.07283211
1767427200000,2026-01-03 08:00:00,0.00010435,0.07151152
1767441600008,2026-01-03 12:00:00,0.00032981,0.07459065
1767456000000,2026-01-03 16:00:00,0.00034278,0.07486576
1767470400001,2026-01-03 20:00:00,0.00046464,0.07555606
1767484800000,2026-01-04 00:00:00,0.00026226,0.07610043
1767499200000,2026-01-04 04:00:00,0.00082903,0.08165419
1767513600000,2026-01-04 08:00:00,0.00074458,0.08811447
1767528000001,2026-01-04 12:00:00,0.00044740,0.08422444
1767542400001,2026-01-04 16:00:00,0.00005000,0.07612994
1767556800002,2026-01-04 20:00:00,0.00027517,0.07380476
1767571200000,2026-01-05 00:00:00,0.00042035,0.07112618
1767585600001,2026-01-05 04:00:00,0.00053765,0.07458343
1767600000000,2026-01-05 08:00:00,0.00028664,0.07880121
1767614400000,2026-01-05 12:00:00,0.00040549,0.07731834
1767628800000,2026-01-05 16:00:00,0.00028243,0.08605000
1767643200000,2026-01-05 20:00:00,0.00085913,0.08520545
1767657600010,2026-01-06 00:00:00,0.00060924,0.08662089
1767672000000,2026-01-06 04:00:00,0.00015887,0.08489618
1767686400000,2026-01-06 08:00:00,0.00019708,0.08912002
1767700800000,2026-01-06 12:00:00,0.00005000,0.08941000
1767715200000,2026-01-06 16:00:00,0.00005000,0.09275374
1767729600002,2026-01-06 20:00:00,0.00089676,0.08249456
1767744000001,2026-01-07 00:00:00,0.00055376,0.08133212
1767758400003,2026-01-07 04:00:00,0.00058496,0.08220931
1767772800001,2026-01-07 08:00:00,0.00048638,0.08200651
1767787200000,2026-01-07 12:00:00,0.00028566,0.08451000
1767801600001,2026-01-07 16:00:00,0.00062203,0.08489977
1767816000001,2026-01-07 20:00:00,0.00074255,0.08691160
1767830400001,2026-01-08 00:00:00,0.00062454,0.08414232
1767844800000,2026-01-08 04:00:00,0.00057635,0.08743000
1767859200000,2026-01-08 08:00:00,0.00065810,0.09143636
1767873600002,2026-01-08 12:00:00,0.00044214,0.08891000
1767888000000,2026-01-08 16:00:00,0.00052059,0.08833942
1767902400000,2026-01-08 20:00:00,0.00029117,0.08990000
1767916800003,2026-01-09 00:00:00,0.00050273,0.09054615
1767931200000,2026-01-09 04:00:00,0.00054445,0.09028490
1767945600000,2026-01-09 08:00:00,0.00067293,0.08901427
1767960000000,2026-01-09 12:00:00,0.00072210,0.09128406
1767974400001,2026-01-09 16:00:00,0.00062851,0.09036261
1767988800005,2026-01-09 20:00:00,0.00033789,0.08948000
1768003200000,2026-01-10 00:00:00,0.00057083,0.09171575
1768017600000,2026-01-10 04:00:00,0.00050717,0.09466000
1768032000002,2026-01-10 08:00:00,0.00036695,0.09844359
1768046400000,2026-01-10 12:00:00,0.00012711,0.09091750
1768060800001,2026-01-10 16:00:00,0.00054498,0.08886887
1768075200014,2026-01-10 20:00:00,0.00029078,0.09467916
1768089600003,2026-01-11 00:00:00,0.00033667,0.09490000
1768104000000,2026-01-11 04:00:00,0.00043966,0.09979210
1768118400006,2026-01-11 08:00:00,0.00005000,0.09080000
1768132800000,2026-01-11 12:00:00,0.00031905,0.09108652
1768147200000,2026-01-11 16:00:00,0.00040239,0.08571094
1768161600002,2026-01-11 20:00:00,0.00228497,0.07693050
1768176000005,2026-01-12 00:00:00,0.00180790,0.07489614
1768190400008,2026-01-12 04:00:00,0.00063802,0.07772574
1768204800000,2026-01-12 08:00:00,0.00068921,0.08048000
1768219200000,2026-01-12 12:00:00,0.00104233,0.08245351
1768233600000,2026-01-12 16:00:00,0.00072854,0.08720000
1768248000000,2026-01-12 20:00:00,0.00123746,0.08768200
1768262400007,2026-01-13 00:00:00,0.00081125,0.08886175
1768276800000,2026-01-13 04:00:00,0.00060345,0.09008981
1768291200009,2026-01-13 08:00:00,0.00076761,0.08852976
1768305600000,2026-01-13 12:00:00,0.00056235,0.09532343
1768320000002,2026-01-13 16:00:00,0.00029190,0.09343000
1768334400003,2026-01-13 20:00:00,0.00026365,0.09434000
1768348800000,2026-01-14 00:00:00,0.00033967,0.09170471
1768363200001,2026-01-14 04:00:00,0.00054510,0.09317000
1768377600001,2026-01-14 08:00:00,0.00064839,0.09816000
1768392000000,2026-01-14 12:00:00,0.00034241,0.10124000
1768406400004,2026-01-14 16:00:00,0.00025142,0.10304000
1768420800007,2026-01-14 20:00:00,0.00026125,0.10039807
1768435200000,2026-01-15 00:00:00,0.00024319,0.10009267
1768449600008,2026-01-15 04:00:00,0.00009154,0.10447825
1768464000004,2026-01-15 08:00:00,0.00005000,0.10607773
1768478400000,2026-01-15 12:00:00,0.00005000,0.10091000
1768492800002,2026-01-15 16:00:00,0.00005000,0.10631758
1768507200000,2026-01-15 20:00:00,0.00005000,0.10500878
1768521600000,2026-01-16 00:00:00,0.00005000,0.10393000
1768536000000,2026-01-16 04:00:00,0.00005000,0.10581000
1768550400000,2026-01-16 08:00:00,0.00021986,0.10498000
1768564800001,2026-01-16 12:00:00,0.00034000,0.11144000
1768579200001,2026-01-16 16:00:00,0.00041216,0.11165000
1768593600003,2026-01-16 20:00:00,0.00005000,0.10500000
1768608000000,2026-01-17 00:00:00,0.00005000,0.10309081
1768622400000,2026-01-17 04:00:00,0.00005000,0.09747000
1768636800000,2026-01-17 08:00:00,0.00005000,0.10138870
1768651200000,2026-01-17 12:00:00,0.00005000,0.10456091
1768665600002,2026-01-17 16:00:00,0.00005000,0.10283243
1768680000002,2026-01-17 20:00:00,0.00005000,0.10047000
1768694400001,2026-01-18 00:00:00,0.00005000,0.09886163
1768708800002,2026-01-18 04:00:00,0.00005000,0.09911190
1768723200000,2026-01-18 08:00:00,0.00005000,0.09796308
1768737600000,2026-01-18 12:00:00,0.00005000,0.09411221
1768752000000,2026-01-18 16:00:00,0.00005000,0.09149000
1768766400011,2026-01-18 20:00:00,0.00005000,0.09283000
1768780800007,2026-01-19 00:00:00,0.00005000,0.09282376
1768795200002,2026-01-19 04:00:00,0.00005000,0.09433000
1768809600007,2026-01-19 08:00:00,0.00010080,0.09856077
1768824000000,2026-01-19 12:00:00,0.00005000,0.09050345
1768838400007,2026-01-19 16:00:00,0.00028026,0.09631308
1768852800000,2026-01-19 20:00:00,0.00052162,0.09710093
1768867200005,2026-01-20 00:00:00,0.00048300,0.09883000
1768881600008,2026-01-20 04:00:00,0.00024371,0.10421164
1768896000001,2026-01-20 08:00:00,0.00033246,0.10666163
1768910400007,2026-01-20 12:00:00,0.00055057,0.10492000
1768924800009,2026-01-20 16:00:00,0.00076100,0.11282996
1768939200002,2026-01-20 20:00:00,0.00054038,0.10986000
1768953600001,2026-01-21 00:00:00,0.00037009,0.10734000
1768968000009,2026-01-21 04:00:00,0.00042739,0.10797723
1768982400011,2026-01-21 08:00:00,0.00014709,0.10308574
1768996800000,2026-01-21 12:00:00,0.00005000,0.09688000
1769011200011,2026-01-21 16:00:00,0.00005000,0.09562138
1769025600000,2026-01-21 20:00:00,0.00005000,0.09163350
1769040000010,2026-01-22 00:00:00,0.00005000,0.09191541
1769054400011,2026-01-22 04:00:00,0.00005000,0.09277000
1769068800003,2026-01-22 08:00:00,0.00005000,0.08829000
1769083200000,2026-01-22 12:00:00,0.00005000,0.08599000
1769097600005,2026-01-22 16:00:00,0.00005000,0.09072682
1769112000000,2026-01-22 20:00:00,0.00005000,0.08670487
1769126400005,2026-01-23 00:00:00,0.00005518,0.08689000
1769140800000,2026-01-23 04:00:00,0.00005000,0.08293000
1769155200000,2026-01-23 08:00:00,0.00005000,0.07695510
1769169600002,2026-01-23 12:00:00,0.00061178,0.06603989
1769184000011,2026-01-23 16:00:00,0.00129465,0.08424997
1769198400000,2026-01-23 20:00:00,0.00089918,0.08249000
1769212800011,2026-01-24 00:00:00,0.00051878,0.07947000
1769227200008,2026-01-24 04:00:00,0.00028604,0.07752000
1769241600002,2026-01-24 08:00:00,0.00044972,0.08332000
1769256000000,2026-01-24 12:00:00,0.00009167,0.08322917
1769270400001,2026-01-24 16:00:00,0.00005000,0.08076000
1769284800008,2026-01-24 20:00:00,0.00013860,0.07884826
1769299200002,2026-01-25 00:00:00,0.00041628,0.08144000
1769313600000,2026-01-25 04:00:00,0.00021674,0.08089000
1769328000011,2026-01-25 08:00:00,0.00006221,0.07218000
1769342400000,2026-01-25 12:00:00,0.00005198,0.06900811
1769356800005,2026-01-25 16:00:00,0.00005000,0.07509300
1769371200001,2026-01-25 20:00:00,0.00048898,0.07626806
1769385600000,2026-01-26 00:00:00,0.00035790,0.07517000
1769400000000,2026-01-26 04:00:00,0.00013050,0.08009991
1769414400003,2026-01-26 08:00:00,0.00005000,0.07107269
1769428800000,2026-01-26 12:00:00,0.00005000,0.07083509
1769443200000,2026-01-26 16:00:00,0.00005000,0.05646000
1769457600000,2026-01-26 20:00:00,0.00023343,0.07828000
1769472000002,2026-01-27 00:00:00,0.00040983,0.07420520
1769486400002,2026-01-27 04:00:00,0.00032945,0.07984842
1769500800000,2026-01-27 08:00:00,0.00048865,0.08725000
1769515200006,2026-01-27 12:00:00,0.00054829,0.09239000
1769529600000,2026-01-27 16:00:00,0.00034629,0.08848000
1769544000000,2026-01-27 20:00:00,0.00029265,0.09199000
1769558400000,2026-01-28 00:00:00,0.00049525,0.09365000
1769572800008,2026-01-28 04:00:00,0.00022097,0.08873005
1769587200000,2026-01-28 08:00:00,0.00010060,0.08201001
1769601600005,2026-01-28 12:00:00,0.00005000,0.07368336
1769616000000,2026-01-28 16:00:00,0.00005000,0.07814000
1769630400004,2026-01-28 20:00:00,0.00005000,0.07506000
1769644800000,2026-01-29 00:00:00,0.00005000,0.07324000
1769659200000,2026-01-29 04:00:00,0.00005000,0.07335000
1769673600009,2026-01-29 08:00:00,0.00005000,0.06804602
1769688000000,2026-01-29 12:00:00,0.00005000,0.06655000
1769702400000,2026-01-29 16:00:00,0.00005000,0.06430970
1769716800004,2026-01-29 20:00:00,0.00005000,0.06370974
1769731200008,2026-01-30 00:00:00,0.00005000,0.06477000
1769745600005,2026-01-30 04:00:00,0.00005000,0.06215000
1769760000000,2026-01-30 08:00:00,0.00005000,0.05676835
1769774400005,2026-01-30 12:00:00,0.00005000,0.05607000
1769788800001,2026-01-30 16:00:00,0.00005000,0.04909000
1769803200004,2026-01-30 20:00:00,0.00005000,0.05105735
1769817600000,2026-01-31 00:00:00,0.00005000,0.04948716
1769832000002,2026-01-31 04:00:00,0.00005000,0.05048554
1769846400001,2026-01-31 08:00:00,0.00005000,0.04850000
1769860800010,2026-01-31 12:00:00,0.00005000,0.04473261
1769875200009,2026-01-31 16:00:00,0.00030745,0.05186000
1769889600012,2026-01-31 20:00:00,0.00022568,0.05006000
1769904000001,2026-02-01 00:00:00,0.00005000,0.05060000
1769918400000,2026-02-01 04:00:00,0.00005000,0.05241000
1769932800004,2026-02-01 08:00:00,0.00005000,0.05055802
1769947200004,2026-02-01 12:00:00,0.00005000,0.04737000
1769961600000,2026-02-01 16:00:00,0.00005000,0.04275001
1769976000004,2026-02-01 20:00:00,0.00005000,0.04082934
1769990400000,2026-02-02 00:00:00,0.00005000,0.03829000
1770004800000,2026-02-02 04:00:00,0.00005000,0.03427107
1770019200014,2026-02-02 08:00:00,0.00010644,0.03949000
1770033600009,2026-02-02 12:00:00,0.00005000,0.03086439
1770048000000,2026-02-02 16:00:00,0.00005000,0.02993835
1770062400000,2026-02-02 20:00:00,0.00005000,0.02913171
1770076800000,2026-02-03 00:00:00,0.00005000,0.03370191
1770091200001,2026-02-03 04:00:00,0.00018496,0.03599000
1770105600007,2026-02-03 08:00:00,0.00005000,0.03506000
1770120000006,2026-02-03 12:00:00,0.00010594,0.03226896
1770134400000,2026-02-03 16:00:00,0.00005000,0.02852781
1770148800009,2026-02-03 20:00:00,0.00040824,0.03097841
1770163200002,2026-02-04 00:00:00,0.00038557,0.03186000
1770177600004,2026-02-04 04:00:00,0.00039209,0.03200940
1770192000007,2026-02-04 08:00:00,0.00020167,0.03178000
1770206400010,2026-02-04 12:00:00,0.00015137,0.03280000
1770220800000,2026-02-04 16:00:00,0.00048083,0.03910000
1770235200001,2026-02-04 20:00:00,0.00037809,0.03931000
1770249600011,2026-02-05 00:00:00,0.00032604,0.03859000
1770264000001,2026-02-05 04:00:00,0.00030097,0.03761000
1770278400000,2026-02-05 08:00:00,0.00020895,0.03778530
1770292800006,2026-02-05 12:00:00,0.00040610,0.03910253
1770307200007,2026-02-05 16:00:00,0.00037085,0.04055523
1770321600000,2026-02-05 20:00:00,0.00028579,0.04298000
1770336000000,2026-02-06 00:00:00,0.00045174,0.04298000
1770350400001,2026-02-06 04:00:00,0.00048434,0.04483751
1770364800001,2026-02-06 08:00:00,0.00019636,0.04789196
1770379200003,2026-02-06 12:00:00,0.00036337,0.05088834
1770393600000,2026-02-06 16:00:00,0.00050775,0.05237374
1770408000005,2026-02-06 20:00:00,0.00005000,0.05066902
1770422400003,2026-02-07 00:00:00,0.00010897,0.05038000
1770436800024,2026-02-07 04:00:00,0.00017726,0.04364115
1770451200000,2026-02-07 08:00:00,0.00056801,0.05178000
1770465600007,2026-02-07 12:00:00,0.00033358,0.05376635
1770480000010,2026-02-07 16:00:00,0.00090588,0.05765000
1770494400000,2026-02-07 20:00:00,0.00086461,0.06202000
1770508800003,2026-02-08 00:00:00,0.00017277,0.05792589
1770523200002,2026-02-08 04:00:00,0.00033552,0.05976640
1770537600000,2026-02-08 08:00:00,0.00006999,0.05850000
1770552000005,2026-02-08 12:00:00,0.00005000,0.05430433
1770566400000,2026-02-08 16:00:00,0.00005000,0.05238000
1770580800000,2026-02-08 20:00:00,0.00005000,0.05149000
1770595200002,2026-02-09 00:00:00,0.00005000,0.05217999
1770609600012,2026-02-09 04:00:00,0.00005000,0.05455000
1770624000001,2026-02-09 08:00:00,0.00005000,0.05536672
1770638400003,2026-02-09 12:00:00,0.00080668,0.06186000
1770652800007,2026-02-09 16:00:00,0.00028916,0.06085000
1770667200006,2026-02-09 20:00:00,0.00053523,0.06335390
1770681600000,2026-02-10 00:00:00,0.00005000,0.06354473
1770696000000,2026-02-10 04:00:00,0.00037988,0.06511053
1770710400007,2026-02-10 08:00:00,0.00031677,0.05842000
1770724800000,2026-02-10 12:00:00,0.00005000,0.06129369
1770739200000,2026-02-10 16:00:00,0.00031399,0.07210296
1770753600007,2026-02-10 20:00:00,0.00054991,0.07428000
1770768000000,2026-02-11 00:00:00,0.00041366,0.07639804
1770782400000,2026-02-11 04:00:00,0.00021837,0.07206316
1770796800006,2026-02-11 08:00:00,0.00067168,0.07371056
1770811200000,2026-02-11 12:00:00,0.00021421,0.06938917
1770825600000,2026-02-11 16:00:00,0.00005000,0.06649603
1770840000003,2026-02-11 20:00:00,0.00005000,0.06329178
1770854400000,2026-02-12 00:00:00,0.00005000,0.06196000
1770868800000,2026-02-12 04:00:00,0.00005000,0.05449374
1770883200001,2026-02-12 08:00:00,0.00007408,0.05984788
1770897600002,2026-02-12 12:00:00,0.00005000,0.06323711
1770912000001,2026-02-12 16:00:00,0.00005000,0.06205195
1770926400006,2026-02-12 20:00:00,0.00005000,0.06398000
1770940800007,2026-02-13 00:00:00,0.00005000,0.06321000
1770955200000,2026-02-13 04:00:00,0.00005000,0.06251075
1770969600003,2026-02-13 08:00:00,0.00011762,0.06777000
1770984000000,2026-02-13 12:00:00,0.00013409,0.06707000
1770998400005,2026-02-13 16:00:00,0.00053381,0.06957154
1771012800006,2026-02-13 20:00:00,0.00049977,0.06882000
1771027200002,2026-02-14 00:00:00,0.00041137,0.06932000
1771041600007,2026-02-14 04:00:00,0.00060352,0.07091785
1771056000004,2026-02-14 08:00:00,0.00072469,0.07810000
1771070400000,2026-02-14 12:00:00,0.00076698,0.07332000
1771084800002,2026-02-14 16:00:00,0.00005000,0.06805795
1771099200000,2026-02-14 20:00:00,0.00005000,0.06910000
1771113600000,2026-02-15 00:00:00,0.00005000,0.07521738
1771128000000,2026-02-15 04:00:00,0.00044386,0.07660000
1771142400002,2026-02-15 08:00:00,0.00079968,0.07661634
1771156800005,2026-02-15 12:00:00,0.00057655,0.07841000
1771171200000,2026-02-15 16:00:00,0.00093914,0.07872956
1771185600009,2026-02-15 20:00:00,0.00029332,0.07969603
1771200000001,2026-02-16 00:00:00,0.00035542,0.07982462
1771214400004,2026-02-16 04:00:00,0.00005000,0.07718000
1771228800003,2026-02-16 08:00:00,0.00023491,0.07782678
1771243200000,2026-02-16 12:00:00,0.00049045,0.08121480
1771257600000,2026-02-16 16:00:00,0.00032974,0.08030745
1771272000009,2026-02-16 20:00:00,0.00005000,0.07247941
1771286400008,2026-02-17 00:00:00,0.00005000,0.07295174
1771300800003,2026-02-17 04:00:00,0.00005000,0.07386236
1771315200001,2026-02-17 08:00:00,0.00005000,0.07314314
1771329600000,2026-02-17 12:00:00,0.00007528,0.07357000
1771344000002,2026-02-17 16:00:00,0.00005000,0.07412000
1771358400002,2026-02-17 20:00:00,0.00005000,0.07585622
1771372800000,2026-02-18 00:00:00,0.00005000,0.07640259
1771387200000,2026-02-18 04:00:00,0.00005000,0.07977595
1771401600000,2026-02-18 08:00:00,0.00005000,0.07580000
1771416000007,2026-02-18 12:00:00,0.00005000,0.07551410
1771430400011,2026-02-18 16:00:00,0.00005000,0.07178000
1771444800004,2026-02-18 20:00:00,0.00005000,0.06912000
1771459200013,2026-02-19 00:00:00,0.00005000,0.07252000
1771473600003,2026-02-19 04:00:00,0.00005000,0.06983462
1771488000000,2026-02-19 08:00:00,0.00005000,0.06717386
1771502400011,2026-02-19 12:00:00,0.00005000,0.06216585
1771516800003,2026-02-19 16:00:00,0.00005000,0.06510104
1771531200000,2026-02-19 20:00:00,0.00005000,0.06369000
1771545600000,2026-02-20 00:00:00,0.00005000,0.06458427
1771560000003,2026-02-20 04:00:00,0.00005000,0.05920000
1771574400000,2026-02-20 08:00:00,0.00005000,0.06136002
1771588800000,2026-02-20 12:00:00,0.00005000,0.06075000
1771603200000,2026-02-20 16:00:00,0.00005000,0.05518212
1771617600000,2026-02-20 20:00:00,0.00005000,0.05409468
1771632000004,2026-02-21 00:00:00,0.00005000,0.05467023
1771646400000,2026-02-21 04:00:00,0.00005000,0.05638282
1771660800000,2026-02-21 08:00:00,0.00005000,0.05266221
1771675200013,2026-02-21 12:00:00,0.00005000,0.05039716
1771689600005,2026-02-21 16:00:00,0.00005000,0.05382000
1771704000000,2026-02-21 20:00:00,0.00005000,0.04992350
1771718400001,2026-02-22 00:00:00,0.00005000,0.04983000
1771732800008,2026-02-22 04:00:00,0.00005000,0.04704000
1771747200004,2026-02-22 08:00:00,0.00005000,0.05031780
1771761600008,2026-02-22 12:00:00,0.00012521,0.05594000
1771776000000,2026-02-22 16:00:00,0.00005000,0.04741579
1771790400000,2026-02-22 20:00:00,0.00005000,0.04392962
1771804800001,2026-02-23 00:00:00,-0.00010388,0.03979786
1771819200000,2026-02-23 04:00:00,0.00009555,0.04642435
1771833600000,2026-02-23 08:00:00,0.00028209,0.05329963
1771848000003,2026-02-23 12:00:00,0.00005000,0.04366821
1771862400000,2026-02-23 16:00:00,0.00005000,0.03850000
1771876800000,2026-02-23 20:00:00,0.00005000,0.04187054
1771891200007,2026-02-24 00:00:00,0.00005000,0.04231536
1771905600000,2026-02-24 04:00:00,0.00005000,0.04510298
1771920000000,2026-02-24 08:00:00,0.00005000,0.04549109
1771934400000,2026-02-24 12:00:00,0.00005000,0.04587350
1771948800001,2026-02-24 16:00:00,0.00057754,0.05239736
1771963200002,2026-02-24 20:00:00,0.00013175,0.05734339
1771977600001,2026-02-25 00:00:00,0.00005000,0.05598000
1771992000000,2026-02-25 04:00:00,0.00005000,0.05374000
1772006400007,2026-02-25 08:00:00,0.00005000,0.04935596
1772020800000,2026-02-25 12:00:00,0.00040522,0.06094483
1772035200000,2026-02-25 16:00:00,0.00005000,0.05446552
1772049600006,2026-02-25 20:00:00,0.00005000,0.05591361
1772064000000,2026-02-26 00:00:00,0.00005000,0.05338000
1772078400000,2026-02-26 04:00:00,0.00005000,0.05176000
1772092800006,2026-02-26 08:00:00,0.00005000,0.05332000
1772107200004,2026-02-26 12:00:00,0.00005000,0.04618966
1772121600002,2026-02-26 16:00:00,0.00005000,0.04892000
1772136000001,2026-02-26 20:00:00,0.00005000,0.04206807
1772150400007,2026-02-27 00:00:00,-0.00011277,0.04024000
1772164800000,2026-02-27 04:00:00,0.00005000,0.04023341
1772179200000,2026-02-27 08:00:00,0.00005000,0.03987398
1772193600000,2026-02-27 12:00:00,0.00005000,0.03987421
1772208000001,2026-02-27 16:00:00,0.00005000,0.03713460
1772222400007,2026-02-27 20:00:00,0.00005000,0.03790229
1772236800000,2026-02-28 00:00:00,0.00005000,0.03718000
1772251200002,2026-02-28 04:00:00,0.00005000,0.03800391
1772265600000,2026-02-28 08:00:00,0.00005000,0.03820800
1772280000001,2026-02-28 12:00:00,0.00005000,0.04177923
1772294400004,2026-02-28 16:00:00,0.00005000,0.04169538
1772308800000,2026-02-28 20:00:00,0.00005000,0.04310000
1772323200005,2026-03-01 00:00:00,0.00005000,0.04366000
1772337600000,2026-03-01 04:00:00,0.00005000,0.04483979
1772352000000,2026-03-01 08:00:00,0.00005000,0.04307271
1772366400000,2026-03-01 12:00:00,0.00005000,0.04429069
1772380800002,2026-03-01 16:00:00,0.00005000,0.04573000
1772395200001,2026-03-01 20:00:00,0.00005988,0.04480275
1772409600001,2026-03-02 00:00:00,0.00005000,0.04199000
1772424000001,2026-03-02 04:00:00,0.00005000,0.04252551
1772438400007,2026-03-02 08:00:00,0.00005000,0.04087955
1772452800002,2026-03-02 12:00:00,0.00005000,0.03998286
1772467200000,2026-03-02 16:00:00,0.00005000,0.04217000
1772481600000,2026-03-02 20:00:00,0.00005000,0.04080573
1772496000000,2026-03-03 00:00:00,0.00005000,0.03867014
1772510400009,2026-03-03 04:00:00,-0.00002650,0.03751000
1772524800000,2026-03-03 08:00:00,0.00005000,0.03824000
1772539200017,2026-03-03 12:00:00,0.00005000,0.03918000
1772553600007,2026-03-03 16:00:00,0.00005000,0.03886062
1772568000000,2026-03-03 20:00:00,0.00005000,0.04013171
1772582400001,2026-03-04 00:00:00,0.00005000,0.04060964
1772596800000,2026-03-04 04:00:00,0.00005000,0.04437339
1772611200005,2026-03-04 08:00:00,0.00005000,0.04182000
1772625600008,2026-03-04 12:00:00,0.00006575,0.04143715
1772640000000,2026-03-04 16:00:00,0.00005000,0.03850095
1772654400000,2026-03-04 20:00:00,0.00005000,0.03798000
1772668800000,2026-03-05 00:00:00,0.00020248,0.03912828
1772683200000,2026-03-05 04:00:00,0.00005638,0.03628994
1772697600000,2026-03-05 08:00:00,0.00016943,0.03771000
1772712000000,2026-03-05 12:00:00,0.00059996,0.03540372
1772726400004,2026-03-05 16:00:00,0.00005000,0.03715889
1772740800000,2026-03-05 20:00:00,0.00040548,0.03732674
1772755200001,2026-03-06 00:00:00,0.00014167,0.03749000
1772769600003,2026-03-06 04:00:00,0.00077041,0.03518926
1772784000001,2026-03-06 08:00:00,0.00070168,0.03224858
1772798400005,2026-03-06 12:00:00,0.00092667,0.03402000
1772812800004,2026-03-06 16:00:00,0.00062468,0.03499000
1772827200010,2026-03-06 20:00:00,0.00005000,0.03631000
1772841600001,2026-03-07 00:00:00,0.00008098,0.03651264
1772856000006,2026-03-07 04:00:00,0.00018377,0.03809000
1772870400012,2026-03-07 08:00:00,0.00086299,0.03927000
1772884800000,2026-03-07 12:00:00,0.00081065,0.03974213
1772899200001,2026-03-07 16:00:00,0.00094054,0.03853000
1772913600000,2026-03-07 20:00:00,0.00005000,0.03917000
1772928000001,2026-03-08 00:00:00,0.00005000,0.04029331
1772942400010,2026-03-08 04:00:00,0.00019255,0.03986000
1772956800000,2026-03-08 08:00:00,0.00064288,0.04217000
1772971200002,2026-03-08 12:00:00,0.00005000,0.04140000
1772985600002,2026-03-08 16:00:00,0.00012292,0.04141000
1773000000000,2026-03-08 20:00:00,0.00075710,0.04341326
1773014400000,2026-03-09 00:00:00,0.00097173,0.04273260
1773028800006,2026-03-09 04:00:00,0.00019381,0.04344000
1773043200004,2026-03-09 08:00:00,0.00041731,0.04550000
1773057600001,2026-03-09 12:00:00,0.00039740,0.04538000
1773072000003,2026-03-09 16:00:00,0.00036268,0.05252653
1773086400000,2026-03-09 20:00:00,0.00069950,0.05422000
1773100800012,2026-03-10 00:00:00,0.00104698,0.05410706
1773115200000,2026-03-10 04:00:00,0.00015114,0.04941000
1773129600002,2026-03-10 08:00:00,0.00005000,0.04847084
1773144000004,2026-03-10 12:00:00,0.00023245,0.04926994
1773158400001,2026-03-10 16:00:00,0.00034858,0.04946709
1773172800004,2026-03-10 20:00:00,0.00055346,0.05004000
1773187200000,2026-03-11 00:00:00,0.00051507,0.05038182
1773201600000,2026-03-11 04:00:00,0.00044386,0.05311017
1773216000007,2026-03-11 08:00:00,0.00008497,0.05967241
1773230400003,2026-03-11 12:00:00,0.00005000,0.06233000
1773244800010,2026-03-11 16:00:00,0.00005000,0.05343917
1773259200004,2026-03-11 20:00:00,0.00005000,0.05205517
1773273600000,2026-03-12 00:00:00,0.00005000,0.05215331
1773288000001,2026-03-12 04:00:00,0.00005000,0.05114054
1773302400000,2026-03-12 08:00:00,0.00005000,0.05194678
1773316800006,2026-03-12 12:00:00,0.00028849,0.05544795
1773331200000,2026-03-12 16:00:00,0.00018783,0.05837628
1773345600006,2026-03-12 20:00:00,0.00005000,0.06261572
1773360000006,2026-03-13 00:00:00,0.00013736,0.06795000
1773374400005,2026-03-13 04:00:00,0.00005000,0.06524911
1773388800001,2026-03-13 08:00:00,0.00027859,0.06997000
1773403200003,2026-03-13 12:00:00,0.00034667,0.07217777
1773417600000,2026-03-13 16:00:00,0.00044758,0.06886000
1773432000000,2026-03-13 20:00:00,0.00038308,0.07555000
1773446400001,2026-03-14 00:00:00,0.00032629,0.06477000
1773460800002,2026-03-14 04:00:00,0.00009680,0.07196000
1773475200000,2026-03-14 08:00:00,0.00005000,0.07060982
1773489600000,2026-03-14 12:00:00,0.00005000,0.06827579
1773504000007,2026-03-14 16:00:00,0.00005000,0.06873359
1773518400000,2026-03-14 20:00:00,0.00005000,0.07328564
1773532800000,2026-03-15 00:00:00,0.00005000,0.07651065
1773547200000,2026-03-15 04:00:00,0.00005000,0.07528765
1773561600000,2026-03-15 08:00:00,0.00005000,0.07340555
1773576000002,2026-03-15 12:00:00,0.00005000,0.06853000
1773590400000,2026-03-15 16:00:00,0.00005000,0.06864238
1773604800000,2026-03-15 20:00:00,0.00005000,0.06941466
1773619200000,2026-03-16 00:00:00,0.00005000,0.07045790
1773633600006,2026-03-16 04:00:00,0.00005000,0.07720000
1773648000010,2026-03-16 08:00:00,0.00005000,0.07838000
1773662400002,2026-03-16 12:00:00,0.00005000,0.07869385
1773676800000,2026-03-16 16:00:00,0.00005000,0.07940939
1773691200001,2026-03-16 20:00:00,0.00005000,0.08190775
1773705600000,2026-03-17 00:00:00,0.00005000,0.08138678
1773720000008,2026-03-17 04:00:00,0.00005000,0.08439622
1773734400002,2026-03-17 08:00:00,0.00005000,0.07963016
1773748800012,2026-03-17 12:00:00,0.00005000,0.06742324
1773763200011,2026-03-17 16:00:00,0.00005000,0.06620174
1773777600000,2026-03-17 20:00:00,0.00005000,0.06434000
1773792000002,2026-03-18 00:00:00,0.00001275,0.06267480
1773806400000,2026-03-18 04:00:00,0.00000588,0.06986000
1773820800002,2026-03-18 08:00:00,-0.00015849,0.06164000
1773835200001,2026-03-18 12:00:00,0.00005000,0.05939157
1773849600005,2026-03-18 16:00:00,0.00005000,0.05737932
1773864000008,2026-03-18 20:00:00,0.00005000,0.06121621
1773878400000,2026-03-19 00:00:00,0.00005000,0.06140000
1773892800000,2026-03-19 04:00:00,0.00005000,0.06259000
1773907200003,2026-03-19 08:00:00,0.00005000,0.06600355
1773921600002,2026-03-19 12:00:00,0.00005000,0.06449416
1773936000003,2026-03-19 16:00:00,0.00005000,0.06605531
1773950400000,2026-03-19 20:00:00,0.00005000,0.06512000
1773964800002,2026-03-20 00:00:00,0.00005000,0.06589000
1773979200008,2026-03-20 04:00:00,0.00005000,0.06615000
1773993600000,2026-03-20 08:00:00,0.00005000,0.07206479
1774008000000,2026-03-20 12:00:00,0.00005000,0.07145040
1774022400000,2026-03-20 16:00:00,0.00005000,0.07186908
1774036800007,2026-03-20 20:00:00,0.00005000,0.06671000
1774051200000,2026-03-21 00:00:00,0.00005000,0.06533000
1774065600002,2026-03-21 04:00:00,0.00005000,0.06876572
1774080000000,2026-03-21 08:00:00,0.00005000,0.06780000
1774094400003,2026-03-21 12:00:00,0.00005000,0.06916217
1774108800014,2026-03-21 16:00:00,0.00005000,0.06930057
1774123200000,2026-03-21 20:00:00,0.00005000,0.06832000
1774137600012,2026-03-22 00:00:00,0.00005000,0.06760260
1774152000003,2026-03-22 04:00:00,0.00005000,0.06973469
1774166400007,2026-03-22 08:00:00,0.00005000,0.07147000
1774180800000,2026-03-22 12:00:00,0.00005000,0.07277133
1774195200002,2026-03-22 16:00:00,0.00005000,0.07345927
1774209600000,2026-03-22 20:00:00,0.00005000,0.07495369
1774224000000,2026-03-23 00:00:00,0.00005000,0.07496968
1774238400000,2026-03-23 04:00:00,0.00005000,0.07718000
1774252800003,2026-03-23 08:00:00,0.00005000,0.08050000
1774267200000,2026-03-23 12:00:00,0.00005000,0.07908029
1774281600002,2026-03-23 16:00:00,-0.00004189,0.07949694
1774296000000,2026-03-23 20:00:00,0.00005000,0.08026741
1774310400000,2026-03-24 00:00:00,0.00005000,0.08242000
1774324800001,2026-03-24 04:00:00,0.00005000,0.07771315
1774339200000,2026-03-24 08:00:00,0.00005000,0.07705000
1774353600000,2026-03-24 12:00:00,0.00005000,0.08934183
1774368000003,2026-03-24 16:00:00,-0.00007186,0.08864000
1774382400000,2026-03-24 20:00:00,-0.00026448,0.08780000
1774396800000,2026-03-25 00:00:00,-0.00013157,0.08915353
1774411200000,2026-03-25 04:00:00,-0.00024807,0.08495761
1774425600000,2026-03-25 08:00:00,-0.00333639,0.08106677
1774440000005,2026-03-25 12:00:00,0.00005000,0.07189042
1774454400013,2026-03-25 16:00:00,0.00005000,0.06646484
1774468800001,2026-03-25 20:00:00,0.00005000,0.06905618
1774483200001,2026-03-26 00:00:00,0.00005000,0.07237105
1774497600002,2026-03-26 04:00:00,0.00005000,0.06892630
1774512000001,2026-03-26 08:00:00,0.00005000,0.06214279
1774526400000,2026-03-26 12:00:00,-0.00053680,0.05931000
1774540800000,2026-03-26 16:00:00,-0.00025402,0.05338333
1774555200003,2026-03-26 20:00:00,0.00005000,0.05337000
1774569600006,2026-03-27 00:00:00,0.00005000,0.05307813
1774584000001,2026-03-27 04:00:00,0.00005000,0.05221382
1774598400000,2026-03-27 08:00:00,0.00005000,0.05260454
1774612800002,2026-03-27 12:00:00,0.00005000,0.04898284
1774627200000,2026-03-27 16:00:00,0.00005000,0.04792000
1774641600000,2026-03-27 20:00:00,0.00005000,0.04683000
1774656000005,2026-03-28 00:00:00,0.00005000,0.04686021
1774670400003,2026-03-28 04:00:00,0.00005000,0.04623609
1774684800005,2026-03-28 08:00:00,0.00005000,0.04293000
1774699200006,2026-03-28 12:00:00,0.00005000,0.03935624
1774713600000,2026-03-28 16:00:00,0.00005000,0.04243000
1774728000003,2026-03-28 20:00:00,0.00005000,0.04493364
1774742400003,2026-03-29 00:00:00,0.00005000,0.04412000
1774756800000,2026-03-29 04:00:00,0.00023523,0.05172000
1774771200001,2026-03-29 08:00:00,0.00005000,0.05146000
1774785600000,2026-03-29 12:00:00,0.00012696,0.04997084
1774800000000,2026-03-29 16:00:00,0.00020103,0.05153982
1774814400000,2026-03-29 20:00:00,0.00005000,0.05122000
1774828800000,2026-03-30 00:00:00,0.00005000,0.05233000
1774843200012,2026-03-30 04:00:00,0.00005000,0.05187867
1774857600005,2026-03-30 08:00:00,0.00005000,0.05166000
1774872000005,2026-03-30 12:00:00,0.00005000,0.05340000
1774886400000,2026-03-30 16:00:00,0.00005000,0.05295716
1774900800000,2026-03-30 20:00:00,0.00005000,0.05516201
1774915200000,2026-03-31 00:00:00,0.00005000,0.05272121
1774929600000,2026-03-31 04:00:00,0.00005000,0.05303000
1774944000000,2026-03-31 08:00:00,0.00005000,0.05189957
1774958400001,2026-03-31 12:00:00,0.00005000,0.05064000
1774972800000,2026-03-31 16:00:00,0.00005000,0.04515618
1774987200002,2026-03-31 20:00:00,0.00005000,0.04607000
1775001600000,2026-04-01 00:00:00,0.00005000,0.04397570
1775016000004,2026-04-01 04:00:00,0.00005000,0.04469011
1775030400000,2026-04-01 08:00:00,0.00005000,0.04352056
1775044800000,2026-04-01 12:00:00,0.00005000,0.04472000
1775059200000,2026-04-01 16:00:00,0.00005000,0.04325000
1775073600000,2026-04-01 20:00:00,0.00064096,0.04595000
1775088000003,2026-04-02 00:00:00,0.00005000,0.04350704
1775102400003,2026-04-02 04:00:00,0.00005000,0.04474000
1775116800001,2026-04-02 08:00:00,0.00005000,0.04583000
1775131200003,2026-04-02 12:00:00,0.00005000,0.04214454
1775145600001,2026-04-02 16:00:00,0.00018406,0.04141000
1775160000003,2026-04-02 20:00:00,0.00005000,0.03961347
1775174400000,2026-04-03 00:00:00,0.00025548,0.03964000
1775188800000,2026-04-03 04:00:00,0.00005000,0.03782000
1775203200008,2026-04-03 08:00:00,0.00005000,0.03866000
1775217600006,2026-04-03 12:00:00,0.00005000,0.04092000
1775232000008,2026-04-03 16:00:00,0.00005000,0.04376368
1775246400001,2026-04-03 20:00:00,0.00008874,0.04447000
1775260800000,2026-04-04 00:00:00,0.00005000,0.04397648
1775275200001,2026-04-04 04:00:00,0.00010817,0.04020000
1775289600003,2026-04-04 08:00:00,0.00005000,0.03838000
1775304000000,2026-04-04 12:00:00,0.00005000,0.03714000
1775318400000,2026-04-04 16:00:00,0.00005000,0.03715000
1775332800000,2026-04-04 20:00:00,0.00005000,0.03595071
1775347200008,2026-04-05 00:00:00,0.00005000,0.03552000
1775361600002,2026-04-05 04:00:00,0.00005000,0.03445690
1775376000000,2026-04-05 08:00:00,0.00053155,0.03615395
1775390400003,2026-04-05 12:00:00,0.00005000,0.03681886
1775404800001,2026-04-05 16:00:00,0.00013159,0.03738000
1775419200003,2026-04-05 20:00:00,0.00042712,0.03718000
1775433600004,2026-04-06 00:00:00,0.00005000,0.03576000
1775448000005,2026-04-06 04:00:00,0.00005000,0.03559922
1775462400001,2026-04-06 08:00:00,0.00013597,0.03463000
1775476800002,2026-04-06 12:00:00,0.00046708,0.03763275
1775491200003,2026-04-06 16:00:00,0.00039641,0.03850561
1775505600000,2026-04-06 20:00:00,0.00016507,0.04115000
1775520000000,2026-04-07 00:00:00,0.00034220,0.03992000
1775534400003,2026-04-07 04:00:00,0.00005000,0.03915000
1775548800000,2026-04-07 08:00:00,0.00005000,0.03862000
1775563200008,2026-04-07 12:00:00,0.00005000,0.03782000
1775577600000,2026-04-07 16:00:00,0.00005000,0.04107000
1775592000000,2026-04-07 20:00:00,0.00005000,0.03936000
1775606400000,2026-04-08 00:00:00,0.00005000,0.03966000
1775620800002,2026-04-08 04:00:00,0.00005000,0.03883000
1775635200000,2026-04-08 08:00:00,0.00005000,0.03785000
1775649600013,2026-04-08 12:00:00,0.00005000,0.03816000
1775664000006,2026-04-08 16:00:00,0.00005000,0.03758000
1775678400005,2026-04-08 20:00:00,0.00005000,0.03787000
1775692800000,2026-04-09 00:00:00,0.00005000,0.03793000
1775707200005,2026-04-09 04:00:00,0.00005000,0.03615029
1775721600010,2026-04-09 08:00:00,0.00005000,0.03547000
1775736000001,2026-04-09 12:00:00,0.00005000,0.03629450
1775750400001,2026-04-09 16:00:00,0.00005000,0.03673854
1775764800001,2026-04-09 20:00:00,0.00005000,0.03685000
1775779200000,2026-04-10 00:00:00,0.00005000,0.03713145
1775793600000,2026-04-10 04:00:00,0.00005000,0.03726000
1775808000005,2026-04-10 08:00:00,0.00005000,0.03757624
1775822400000,2026-04-10 12:00:00,0.00005000,0.03693193
1775836800000,2026-04-10 16:00:00,0.00005000,0.03754218
1775851200002,2026-04-10 20:00:00,0.00005000,0.03795742
1775865600000,2026-04-11 00:00:00,0.00005000,0.03781368
1775880000009,2026-04-11 04:00:00,0.00005000,0.03759877
1775894400000,2026-04-11 08:00:00,0.00023790,0.04004641
1775908800002,2026-04-11 12:00:00,0.00005000,0.03916000
1775923200003,2026-04-11 16:00:00,0.00006113,0.03913000
1775937600001,2026-04-11 20:00:00,0.00027327,0.03800923
1775952000000,2026-04-12 00:00:00,0.00005000,0.03763971
1775966400000,2026-04-12 04:00:00,0.00046097,0.03653000
1775980800000,2026-04-12 08:00:00,0.00031671,0.03612087
1775995200000,2026-04-12 12:00:00,0.00044994,0.03631000
1776009600000,2026-04-12 16:00:00,0.00045707,0.03550000
1776024000013,2026-04-12 20:00:00,0.00118893,0.03482000
1776038400011,2026-04-13 00:00:00,0.00109782,0.03353299
1776052800003,2026-04-13 04:00:00,0.00051225,0.03395000
1776067200006,2026-04-13 08:00:00,0.00012052,0.03430746
1776081600010,2026-04-13 12:00:00,0.00021019,0.03572129
1776096000000,2026-04-13 16:00:00,0.00056010,0.03685000
1776110400000,2026-04-13 20:00:00,0.00076983,0.03615000
1776124800005,2026-04-14 00:00:00,0.00080123,0.03741290
1776139200000,2026-04-14 04:00:00,0.00063491,0.03839691
1776153600003,2026-04-14 08:00:00,0.00036481,0.03353860
1776168000000,2026-04-14 12:00:00,0.00005000,0.03280865
1776182400001,2026-04-14 16:00:00,0.00005000,0.03464319
1776196800009,2026-04-14 20:00:00,0.00005000,0.03297939
1776211200000,2026-04-15 00:00:00,0.00055936,0.03277980
1776225600000,2026-04-15 04:00:00,0.00007222,0.03376815
1776240000000,2026-04-15 08:00:00,0.00045338,0.03551797
1776254400000,2026-04-15 12:00:00,0.00063793,0.03309653
1776268800000,2026-04-15 16:00:00,0.00081338,0.03176492
1776283200009,2026-04-15 20:00:00,0.00131170,0.03474000
1776297600013,2026-04-16 00:00:00,0.00150612,0.03415161
1776312000008,2026-04-16 04:00:00,0.00040811,0.03592000
1776326400000,2026-04-16 08:00:00,0.00052735,0.03788811
1776340800004,2026-04-16 12:00:00,0.00008133,0.03607705
1776355200000,2026-04-16 16:00:00,0.00005000,0.03511000
1776369600000,2026-04-16 20:00:00,0.00012508,0.03649752
1776384000001,2026-04-17 00:00:00,0.00038605,0.03621000
1776398400003,2026-04-17 04:00:00,0.00068254,0.03672000
1776412800011,2026-04-17 08:00:00,0.00034826,0.03739707
1776427200003,2026-04-17 12:00:00,0.00005000,0.03568943
1776441600001,2026-04-17 16:00:00,0.00005000,0.03486000
1776456000005,2026-04-17 20:00:00,0.00029054,0.03504112
1776470400001,2026-04-18 00:00:00,0.00023739,0.03484000
1776484800003,2026-04-18 04:00:00,0.00016393,0.03474367
1776499200006,2026-04-18 08:00:00,0.00054195,0.03568297
1776513600000,2026-04-18 12:00:00,0.00037005,0.03464960
1776528000000,2026-04-18 16:00:00,0.00040143,0.03479000
1776542400002,2026-04-18 20:00:00,0.00005000,0.03290000
1776556800002,2026-04-19 00:00:00,0.00005000,0.03294000
1776571200000,2026-04-19 04:00:00,0.00005000,0.03336140
1776585600010,2026-04-19 08:00:00,0.00005553,0.03290466
1776600000003,2026-04-19 12:00:00,0.00021009,0.03321000
1776614400001,2026-04-19 16:00:00,0.00010998,0.03324130
1776628800005,2026-04-19 20:00:00,0.00005000,0.03420959
1776643200000,2026-04-20 00:00:00,0.00011855,0.03678000
1776657600001,2026-04-20 04:00:00,0.00018795,0.03605000
1776672000000,2026-04-20 08:00:00,0.00043499,0.03884000
1776686400009,2026-04-20 12:00:00,0.00046837,0.03889000
1776700800001,2026-04-20 16:00:00,0.00020949,0.03847657
1776715200000,2026-04-20 20:00:00,0.00034728,0.03847616
1776729600000,2026-04-21 00:00:00,0.00112590,0.03913000
1776744000000,2026-04-21 04:00:00,0.00005000,0.03754354
1776758400004,2026-04-21 08:00:00,0.00028522,0.03818000
1776772800000,2026-04-21 12:00:00,0.00005000,0.03906000
1776787200004,2026-04-21 16:00:00,0.00005000,0.04026000
1776801600003,2026-04-21 20:00:00,0.00005000,0.03996000
1776816000004,2026-04-22 00:00:00,0.00005000,0.03985000
1776830400003,2026-04-22 04:00:00,0.00005000,0.04011000
1776844800000,2026-04-22 08:00:00,0.00005000,0.03975000
1776859200000,2026-04-22 12:00:00,0.00005000,0.03862465
1776873600000,2026-04-22 16:00:00,0.00005000,0.04005111
1776888000003,2026-04-22 20:00:00,0.00005000,0.03983000
1776902400000,2026-04-23 00:00:00,0.00005000,0.03927376
1776916800000,2026-04-23 04:00:00,0.00005000,0.03800000
1776931200000,2026-04-23 08:00:00,0.00005000,0.03966996
1776945600000,2026-04-23 12:00:00,0.00018786,0.03992000
1776960000004,2026-04-23 16:00:00,0.00005000,0.03917000
1776974400006,2026-04-23 20:00:00,0.00005000,0.04104000
1776988800006,2026-04-24 00:00:00,0.00027481,0.04188801
1777003200000,2026-04-24 04:00:00,0.00049901,0.04243628
1777017600000,2026-04-24 08:00:00,0.00006585,0.04106535
1777032000002,2026-04-24 12:00:00,0.00005000,0.04371370
1777046400000,2026-04-24 16:00:00,0.00005000,0.03971467
1777060800003,2026-04-24 20:00:00,0.00005000,0.03694000
1777075200000,2026-04-25 00:00:00,0.00005000,0.03581892
1777089600005,2026-04-25 04:00:00,0.00005000,0.03492314
1777104000002,2026-04-25 08:00:00,0.00005000,0.03346000
1777118400001,2026-04-25 12:00:00,0.00005000,0.03335683
1777132800002,2026-04-25 16:00:00,0.00005000,0.03259477
1777147200001,2026-04-25 20:00:00,0.00005000,0.03344649
1777161600003,2026-04-26 00:00:00,0.00005000,0.03389733
1777176000001,2026-04-26 04:00:00,0.00005000,0.03330994
1777190400007,2026-04-26 08:00:00,0.00005000,0.03069344
1777204800001,2026-04-26 12:00:00,0.00005000,0.03113209
1777219200004,2026-04-26 16:00:00,0.00005000,0.03013261
1777233600014,2026-04-26 20:00:00,0.00005000,0.02995157
1777248000004,2026-04-27 00:00:00,0.00005000,0.02997933
1777262400000,2026-04-27 04:00:00,0.00005000,0.03081000
1777276800000,2026-04-27 08:00:00,0.00005000,0.02811742
1777291200004,2026-04-27 12:00:00,0.00005000,0.02829618
1777305600002,2026-04-27 16:00:00,0.00005000,0.02805000
1777320000000,2026-04-27 20:00:00,0.00005000,0.02862000
1777334400001,2026-04-28 00:00:00,0.00005000,0.02836510
1777348800006,2026-04-28 04:00:00,0.00005000,0.02860700
1777363200000,2026-04-28 08:00:00,0.00005000,0.02827300
1777377600000,2026-04-28 12:00:00,0.00005000,0.02805467
1777392000004,2026-04-28 16:00:00,0.00016881,0.02860000
1777406400001,2026-04-28 20:00:00,0.00021107,0.02977000
1777420800006,2026-04-29 00:00:00,0.00005000,0.02939000
1777435200003,2026-04-29 04:00:00,0.00005000,0.02857819
1777449600011,2026-04-29 08:00:00,0.00005000,0.02927000
1777464000000,2026-04-29 12:00:00,0.00010520,0.03018000
1777478400003,2026-04-29 16:00:00,0.00023963,0.03010000
1777492800004,2026-04-29 20:00:00,0.00052073,0.03012000
1777507200002,2026-04-30 00:00:00,0.00041456,0.03045649
1777521600000,2026-04-30 04:00:00,0.00018577,0.03056000
1777536000000,2026-04-30 08:00:00,0.00031553,0.03137000
1777550400000,2026-04-30 12:00:00,0.00057535,0.02840000
1777564800000,2026-04-30 16:00:00,0.00057701,0.02753378
1777579200002,2026-04-30 20:00:00,0.00007473,0.02835000
1777593600000,2026-05-01 00:00:00,0.00028544,0.02882000
1777608000003,2026-05-01 04:00:00,0.00037801,0.02878979
1777622400005,2026-05-01 08:00:00,0.00023610,0.02945000
1777636800000,2026-05-01 12:00:00,0.00031505,0.02908000
1777651200000,2026-05-01 16:00:00,0.00005000,0.02949000
1777665600009,2026-05-01 20:00:00,0.00021495,0.02891000
1777680000006,2026-05-02 00:00:00,0.00039931,0.02939505
1777694400000,2026-05-02 04:00:00,0.00018139,0.02999983
1777708800000,2026-05-02 08:00:00,0.00100623,0.02954819
1777723200009,2026-05-02 12:00:00,0.00006785,0.03044708
1777737600010,2026-05-02 16:00:00,0.00100050,0.03057000
1777752000000,2026-05-02 20:00:00,0.00108788,0.02976967
1777766400005,2026-05-03 00:00:00,0.00056904,0.03084050
1777780800014,2026-05-03 04:00:00,0.00005153,0.03018000
1777795200003,2026-05-03 08:00:00,0.00009663,0.02984850
1777809600004,2026-05-03 12:00:00,0.00026848,0.02987742
1777824000000,2026-05-03 16:00:00,0.00029755,0.02977000
1777838400000,2026-05-03 20:00:00,0.00038277,0.02990663
1777852800000,2026-05-04 00:00:00,0.00040594,0.03006963
1777867200003,2026-05-04 04:00:00,0.00033841,0.03054000
1777881600000,2026-05-04 08:00:00,0.00050799,0.03129480
1777896000000,2026-05-04 12:00:00,0.00108282,0.03080527
1777910400003,2026-05-04 16:00:00,0.00070263,0.03099000
1777924800007,2026-05-04 20:00:00,0.00039729,0.03050000
1777939200000,2026-05-05 00:00:00,0.00081706,0.03039000
1777953600000,2026-05-05 04:00:00,0.00052350,0.03043000
1777968000011,2026-05-05 08:00:00,0.00005000,0.03091000
1777982400006,2026-05-05 12:00:00,0.00005000,0.03000803
1777996800000,2026-05-05 16:00:00,0.00032979,0.03074234
1778011200000,2026-05-05 20:00:00,0.00039723,0.03028000
1778025600010,2026-05-06 00:00:00,0.00032141,0.03017000
1778040000000,2026-05-06 04:00:00,0.00069975,0.03010395
1778054400000,2026-05-06 08:00:00,0.00062047,0.03068417
1778068800000,2026-05-06 12:00:00,0.00032835,0.03058500
1778083200002,2026-05-06 16:00:00,0.00041479,0.03018000
1778097600000,2026-05-06 20:00:00,0.00047639,0.03037000
1778112000000,2026-05-07 00:00:00,0.00070243,0.03006655
1778126400001,2026-05-07 04:00:00,0.00044198,0.02995000
1778140800000,2026-05-07 08:00:00,0.00051789,0.03104967
1778155200000,2026-05-07 12:00:00,0.00035189,0.03086767
1778169600004,2026-05-07 16:00:00,0.00050438,0.03029000
1778184000005,2026-05-07 20:00:00,0.00038599,0.03008254
1778198400003,2026-05-08 00:00:00,0.00061570,0.03023000
1778212800000,2026-05-08 04:00:00,0.00027913,0.03024006
1778227200002,2026-05-08 08:00:00,0.00065020,0.02954000
1778241600000,2026-05-08 12:00:00,0.00117099,0.03868918
1778256000003,2026-05-08 16:00:00,0.00079767,0.03992000
1778270400000,2026-05-08 20:00:00,0.00143975,0.04566000
1778284800000,2026-05-09 00:00:00,0.00145516,0.04363901
1778299200000,2026-05-09 04:00:00,0.00092647,0.05052180
1778313600001,2026-05-09 08:00:00,0.00029466,0.04610000
1778328000000,2026-05-09 12:00:00,0.00072358,0.04228802
1778342400002,2026-05-09 16:00:00,0.00012661,0.04337000
1778356800000,2026-05-09 20:00:00,0.00068558,0.04415000
1778371200003,2026-05-10 00:00:00,0.00067471,0.04374000
1778385600005,2026-05-10 04:00:00,0.00062506,0.04625524
1778400000000,2026-05-10 08:00:00,0.00016154,0.04598000
1778414400007,2026-05-10 12:00:00,0.00009012,0.04334555
1778428800000,2026-05-10 16:00:00,0.00038758,0.04732730
1778443200002,2026-05-10 20:00:00,0.00005000,0.04572000
1778457600000,2026-05-11 00:00:00,0.00037683,0.04750000
1778472000000,2026-05-11 04:00:00,0.00015515,0.04755283
1778486400000,2026-05-11 08:00:00,0.00022508,0.04759841
1778500800001,2026-05-11 12:00:00,0.00020628,0.05002000
1778515200000,2026-05-11 16:00:00,0.00019458,0.05336586
1778529600014,2026-05-11 20:00:00,0.00005000,0.05221000
1778544000002,2026-05-12 00:00:00,0.00033578,0.05413326
1778558400000,2026-05-12 04:00:00,0.00005000,0.05527903
1778572800008,2026-05-12 08:00:00,0.00005000,0.05164000
1778587200003,2026-05-12 12:00:00,0.00005000,0.05323000
1778601600000,2026-05-12 16:00:00,0.00005000,0.04933888
1778616000000,2026-05-12 20:00:00,0.00005000,0.04916000
1778630400010,2026-05-13 00:00:00,0.00005000,0.05311724
1778644800003,2026-05-13 04:00:00,0.00007913,0.05625000
1778659200003,2026-05-13 08:00:00,0.00005000,0.05823071
1778673600004,2026-05-13 12:00:00,0.00005000,0.05933234
1778688000001,2026-05-13 16:00:00,0.00015663,0.05891458
1778702400004,2026-05-13 20:00:00,0.00013101,0.06142421
1778716800005,2026-05-14 00:00:00,0.00020143,0.05895856
1778731200005,2026-05-14 04:00:00,0.00009965,0.05944167
1778745600000,2026-05-14 08:00:00,0.00005699,0.05722060
1778760000001,2026-05-14 12:00:00,0.00005000,0.06420000
1778774400000,2026-05-14 16:00:00,0.00008919,0.06115076
1778788800000,2026-05-14 20:00:00,0.00005000,0.06244457
1778803200000,2026-05-15 00:00:00,0.00005000,0.06187177
1778817600006,2026-05-15 04:00:00,0.00005000,0.05853000
1778832000016,2026-05-15 08:00:00,0.00005000,0.06028000
1778846400001,2026-05-15 12:00:00,0.00005000,0.06224347
1778860800012,2026-05-15 16:00:00,0.00005000,0.06497000
1778875200001,2026-05-15 20:00:00,0.00005000,0.06610330
1778889600005,2026-05-16 00:00:00,0.00005000,0.06702773
1778904000000,2026-05-16 04:00:00,0.00005000,0.06357021
1778918400000,2026-05-16 08:00:00,0.00005000,0.06204583
1778932800002,2026-05-16 12:00:00,0.00005000,0.06227097
1778947200005,2026-05-16 16:00:00,0.00005000,0.06334000
1778961600000,2026-05-16 20:00:00,0.00005000,0.06465287
1778976000000,2026-05-17 00:00:00,0.00005000,0.06335000
1778990400012,2026-05-17 04:00:00,0.00005000,0.05830000
1779004800010,2026-05-17 08:00:00,0.00005000,0.06322000
1779019200014,2026-05-17 12:00:00,0.00018705,0.06507000
1779033600009,2026-05-17 16:00:00,0.00005000,0.06170000
1779048000002,2026-05-17 20:00:00,0.00005000,0.06036482
1779062400007,2026-05-18 00:00:00,0.00005000,0.05773756
1779076800000,2026-05-18 04:00:00,0.00005000,0.06227308
1779091200002,2026-05-18 08:00:00,0.00005785,0.06423185
1779105600001,2026-05-18 12:00:00,0.00005000,0.06267000
1779120000007,2026-05-18 16:00:00,0.00005000,0.06164923
1779134400000,2026-05-18 20:00:00,0.00005000,0.06006000
1779148800001,2026-05-19 00:00:00,0.00005000,0.05882000
1779163200003,2026-05-19 04:00:00,0.00005000,0.06116546
1779177600001,2026-05-19 08:00:00,0.00005000,0.05919708
1779192000000,2026-05-19 12:00:00,0.00005000,0.05320000
1779206400009,2026-05-19 16:00:00,0.00005000,0.05223322
1779220800001,2026-05-19 20:00:00,0.00005000,0.05253766
1779235200001,2026-05-20 00:00:00,0.00009240,0.05332000
1779249600001,2026-05-20 04:00:00,0.00009823,0.05201777
1779264000006,2026-05-20 08:00:00,0.00013633,0.05245790
1779278400001,2026-05-20 12:00:00,0.00013161,0.05108000
1779292800000,2026-05-20 16:00:00,0.00019964,0.05013177
1779307200019,2026-05-20 20:00:00,0.00005000,0.05169000
1779321600001,2026-05-21 00:00:00,0.00005000,0.05052000
1779336000000,2026-05-21 04:00:00,0.00005000,0.05165048
1779350400000,2026-05-21 08:00:00,0.00005000,0.05195683
1779364800000,2026-05-21 12:00:00,0.00005000,0.05307833
1779379200000,2026-05-21 16:00:00,0.00005000,0.05146791
1779393600001,2026-05-21 20:00:00,0.00005000,0.05143007
1779408000000,2026-05-22 00:00:00,0.00005000,0.05187670
1779422400000,2026-05-22 04:00:00,0.00005000,0.05332000
1779436800004,2026-05-22 08:00:00,0.00005000,0.05313660
1779451200000,2026-05-22 12:00:00,0.00005000,0.05431000
1779465600001,2026-05-22 16:00:00,0.00005000,0.05459000
1779480000002,2026-05-22 20:00:00,0.00019147,0.05501000
1779494400009,2026-05-23 00:00:00,0.00005000,0.05414610
1779508800006,2026-05-23 04:00:00,0.00005000,0.05506401
1779523200001,2026-05-23 08:00:00,0.00005000,0.05253000
1779537600000,2026-05-23 12:00:00,0.00005000,0.05485870
1779552000003,2026-05-23 16:00:00,0.00005000,0.05463821
1779566400007,2026-05-23 20:00:00,0.00005000,0.05457000
1779580800011,2026-05-24 00:00:00,0.00005000,0.05375028
1779595200001,2026-05-24 04:00:00,0.00005000,0.05358770
1779609600008,2026-05-24 08:00:00,0.00005000,0.05155791
1779624000001,2026-05-24 12:00:00,0.00005000,0.05014000
1779638400000,2026-05-24 16:00:00,0.00009611,0.05253479
1779652800002,2026-05-24 20:00:00,0.00005000,0.05108118
1779667200001,2026-05-25 00:00:00,0.00006848,0.05205819
1779681600000,2026-05-25 04:00:00,0.00005000,0.05100000
1779696000001,2026-05-25 08:00:00,0.00019138,0.05106832
1779710400008,2026-05-25 12:00:00,0.00023171,0.05014901
1779724800001,2026-05-25 16:00:00,0.00024126,0.05048963
1779739200000,2026-05-25 20:00:00,0.00033828,0.05114137
1779753600000,2026-05-26 00:00:00,0.00023419,0.05047000
1779768000003,2026-05-26 04:00:00,0.00027154,0.05174000
1779782400003,2026-05-26 08:00:00,0.00039697,0.05713000
1779796800000,2026-05-26 12:00:00,0.00005000,0.05596208
1779811200000,2026-05-26 16:00:00,0.00005000,0.05596191
1779825600000,2026-05-26 20:00:00,0.00031827,0.05585802
1779840000000,2026-05-27 00:00:00,0.00027806,0.05396000
1779854400002,2026-05-27 04:00:00,0.00009181,0.05413000
1779868800004,2026-05-27 08:00:00,0.00015987,0.05531585
1779883200007,2026-05-27 12:00:00,0.00029621,0.05389671
1779897600009,2026-05-27 16:00:00,0.00030610,0.05527000
1779912000001,2026-05-27 20:00:00,0.00029095,0.05596766
1779926400001,2026-05-28 00:00:00,0.00031341,0.05620000
1779940800000,2026-05-28 04:00:00,0.00031494,0.05601677
1779955200000,2026-05-28 08:00:00,0.00031462,0.05800000
1779969600000,2026-05-28 12:00:00,0.00042978,0.05861499
1779984000001,2026-05-28 16:00:00,0.00010536,0.05711000
1779998400005,2026-05-28 20:00:00,0.00005000,0.05704000
1780012800000,2026-05-29 00:00:00,0.00005000,0.05063161
1780027200000,2026-05-29 04:00:00,0.00005000,0.05225162
1780041600001,2026-05-29 08:00:00,0.00005000,0.05343000
1780056000001,2026-05-29 12:00:00,0.00005000,0.05398243
1780070400008,2026-05-29 16:00:00,0.00006912,0.05395292
1780084800000,2026-05-29 20:00:00,0.00005000,0.05393000
1780099200000,2026-05-30 00:00:00,0.00005000,0.05262000
1780113600004,2026-05-30 04:00:00,0.00005000,0.05394947
1780128000001,2026-05-30 08:00:00,0.00005000,0.05509978
1780142400000,2026-05-30 12:00:00,0.00005000,0.05632000
1780156800000,2026-05-30 16:00:00,0.00018797,0.05583000
1780171200000,2026-05-30 20:00:00,0.00005000,0.05635720
1780185600000,2026-05-31 00:00:00,0.00005000,0.05678000
1780200000006,2026-05-31 04:00:00,0.00005000,0.05602000
1780214400000,2026-05-31 08:00:00,0.00005000,0.05548000
1780228800005,2026-05-31 12:00:00,0.00012985,0.05513000
1780243200004,2026-05-31 16:00:00,0.00009434,0.05776000
1780257600010,2026-05-31 20:00:00,0.00017457,0.05640420
1780272000001,2026-06-01 00:00:00,0.00005000,0.05643883
1780286400006,2026-06-01 04:00:00,0.00027553,0.05741313
1780300800001,2026-06-01 08:00:00,0.00005000,0.05704000
1780315200000,2026-06-01 12:00:00,0.00008914,0.05724849
1780329600000,2026-06-01 16:00:00,0.00028915,0.05767298
1780344000000,2026-06-01 20:00:00,0.00005000,0.05794432
1780358400000,2026-06-02 00:00:00,0.00025981,0.05797944
1780372800008,2026-06-02 04:00:00,0.00058223,0.05835000
1780387200000,2026-06-02 08:00:00,0.00064678,0.05925000
1780401600002,2026-06-02 12:00:00,0.00041159,0.06067892
1780416000000,2026-06-02 16:00:00,0.00016380,0.05916000
1780430400000,2026-06-02 20:00:00,0.00024455,0.05972261
1780444800013,2026-06-03 00:00:00,0.00018574,0.06031294
1780459200000,2026-06-03 04:00:00,0.00041912,0.05861092
1780473600000,2026-06-03 08:00:00,0.00043823,0.05987798
1780488000000,2026-06-03 12:00:00,0.00039796,0.05854127
1780502400001,2026-06-03 16:00:00,0.00041921,0.05507000
1780516800002,2026-06-03 20:00:00,0.00022878,0.05197000
1780531200009,2026-06-04 00:00:00,0.00028917,0.05342973
1780545600000,2026-06-04 04:00:00,0.00044466,0.05360320
1780560000000,2026-06-04 08:00:00,0.00022184,0.05010442
1780574400002,2026-06-04 12:00:00,0.00014891,0.05155855
1780588800003,2026-06-04 16:00:00,0.00005000,0.05114000
1780603200001,2026-06-04 20:00:00,0.00005000,0.05057000
1780617600000,2026-06-05 00:00:00,0.00005000,0.04932000
1780632000001,2026-06-05 04:00:00,0.00005000,0.04917000
1780646400004,2026-06-05 08:00:00,0.00005000,0.04366000
1780660800000,2026-06-05 12:00:00,0.00005000,0.04339000
1780675200009,2026-06-05 16:00:00,0.00005000,0.04271648
1780689600000,2026-06-05 20:00:00,0.00005000,0.04296000
1780704000000,2026-06-06 00:00:00,0.00005000,0.04312000
1780718400000,2026-06-06 04:00:00,0.00005000,0.04226516
1780732800000,2026-06-06 08:00:00,0.00005000,0.04453358
1780747200002,2026-06-06 12:00:00,0.00005000,0.04330000
1780761600000,2026-06-06 16:00:00,0.00005000,0.04362000
1780776000003,2026-06-06 20:00:00,0.00005000,0.04247000
1780790400001,2026-06-07 00:00:00,0.00005000,0.04290000
1780804800000,2026-06-07 04:00:00,0.00005000,0.04322052
1780819200000,2026-06-07 08:00:00,0.00007229,0.04416426
1780833600000,2026-06-07 12:00:00,0.00021490,0.04458000
1780848000000,2026-06-07 16:00:00,0.00021275,0.04396000
1780862400000,2026-06-07 20:00:00,0.00005000,0.04304297
1780876800000,2026-06-08 00:00:00,0.00030959,0.04397114
1780891200009,2026-06-08 04:00:00,0.00058560,0.04536590
1780905600005,2026-06-08 08:00:00,0.00036614,0.04452703
1780920000001,2026-06-08 12:00:00,0.00085512,0.04426000
1780934400004,2026-06-08 16:00:00,0.00021533,0.04467654
1780948800000,2026-06-08 20:00:00,0.00034886,0.04429000
1780963200000,2026-06-09 00:00:00,0.00017856,0.04382650
1780977600003,2026-06-09 04:00:00,0.00005000,0.04271000
1780992000000,2026-06-09 08:00:00,0.00005000,0.04255428
1781006400000,2026-06-09 12:00:00,0.00005024,0.04258774
1781020800001,2026-06-09 16:00:00,0.00005000,0.03939000
1781035200000,2026-06-09 20:00:00,0.00005000,0.04039000
1781049600001,2026-06-10 00:00:00,0.00014744,0.04065007
1781064000002,2026-06-10 04:00:00,0.00038639,0.04048500
1781078400011,2026-06-10 08:00:00,0.00029061,0.04042620
1781092800002,2026-06-10 12:00:00,0.00014632,0.03944000
1781107200009,2026-06-10 16:00:00,0.00054646,0.04125000
1781121600003,2026-06-10 20:00:00,0.00049916,0.04623000
1781136000000,2026-06-11 00:00:00,0.00067501,0.05499968
1781150400000,2026-06-11 04:00:00,0.00088102,0.05140417
1781164800004,2026-06-11 08:00:00,0.00058595,0.05808000
1781179200005,2026-06-11 12:00:00,0.00029759,0.06170203
1781193600000,2026-06-11 16:00:00,0.00045332,0.06140000
1781208000014,2026-06-11 20:00:00,0.00041777,0.06224595
1781222400000,2026-06-12 00:00:00,0.00035978,0.06066000
1781236800000,2026-06-12 04:00:00,0.00038455,0.05957000
1781251200000,2026-06-12 08:00:00,0.00022255,0.05481235
1781265600000,2026-06-12 12:00:00,0.00010470,0.05202000
1781280000000,2026-06-12 16:00:00,0.00005000,0.05324760
1781294400000,2026-06-12 20:00:00,0.00005000,0.05200000
1781308800000,2026-06-13 00:00:00,0.00005000,0.05036000
1781323200000,2026-06-13 04:00:00,0.00005000,0.05186000
1781337600007,2026-06-13 08:00:00,0.00005000,0.04968978
1781352000004,2026-06-13 12:00:00,0.00005000,0.04848000
1781366400002,2026-06-13 16:00:00,0.00005000,0.05234000
1781380800004,2026-06-13 20:00:00,0.00005000,0.05195060
1781395200005,2026-06-14 00:00:00,0.00005000,0.05218434
1781409600012,2026-06-14 04:00:00,0.00005000,0.05356683
1781424000009,2026-06-14 08:00:00,0.00005000,0.05414289
1781438400000,2026-06-14 12:00:00,0.00005000,0.04936049
1781452800000,2026-06-14 16:00:00,0.00005000,0.04958260
1781467200010,2026-06-14 20:00:00,0.00005000,0.04945000
1781481600013,2026-06-15 00:00:00,0.00005000,0.05046000
1781496000001,2026-06-15 04:00:00,0.00005000,0.05680873
1781510400013,2026-06-15 08:00:00,0.00005000,0.05401156
1781524800000,2026-06-15 12:00:00,0.00013683,0.05599000
1781539200004,2026-06-15 16:00:00,0.00005000,0.05462264
1781553600002,2026-06-15 20:00:00,0.00005000,0.05249000
1781568000000,2026-06-16 00:00:00,0.00005000,0.05352037
1781582400000,2026-06-16 04:00:00,0.00005000,0.05385000
1781596800000,2026-06-16 08:00:00,0.00005000,0.05279753
1781611200000,2026-06-16 12:00:00,0.00005000,0.05079000
1781625600001,2026-06-16 16:00:00,0.00005000,0.04996733
1781640000000,2026-06-16 20:00:00,0.00005000,0.04999000
1781654400012,2026-06-17 00:00:00,0.00005000,0.04982500
1781668800000,2026-06-17 04:00:00,0.00005000,0.04903000
1781683200000,2026-06-17 08:00:00,0.00005000,0.04883676
1781697600000,2026-06-17 12:00:00,0.00005000,0.04824010
1781712000000,2026-06-17 16:00:00,0.00012177,0.04740000
1781726400000,2026-06-17 20:00:00,0.00005000,0.04582831
1781740800002,2026-06-18 00:00:00,0.00005000,0.04688045
1781755200000,2026-06-18 04:00:00,0.00005000,0.04685967
1781769600000,2026-06-18 08:00:00,0.00005000,0.04667000
1781784000004,2026-06-18 12:00:00,0.00005000,0.04620000
1781798400001,2026-06-18 16:00:00,0.00005000,0.04380000
1781812800000,2026-06-18 20:00:00,0.00010199,0.04401000
1781827200005,2026-06-19 00:00:00,0.00005000,0.04377000
1781841600000,2026-06-19 04:00:00,0.00012736,0.04396000
1781856000001,2026-06-19 08:00:00,0.00005000,0.04375003
1781870400000,2026-06-19 12:00:00,0.00005000,0.04460865
1781884800001,2026-06-19 16:00:00,0.00005592,0.04743410
1781899200000,2026-06-19 20:00:00,0.00005000,0.04658000
1781913600001,2026-06-20 00:00:00,0.00005000,0.04835000
1781928000000,2026-06-20 04:00:00,0.00005000,0.05240857
1781942400000,2026-06-20 08:00:00,0.00007405,0.05300000
1781956800001,2026-06-20 12:00:00,0.00012104,0.05206000
1781971200001,2026-06-20 16:00:00,0.00009523,0.05152526
1781985600000,2026-06-20 20:00:00,0.00007929,0.05004545
1782000000000,2026-06-21 00:00:00,0.00020812,0.05059000
1782014400000,2026-06-21 04:00:00,0.00005000,0.05135077
1782028800000,2026-06-21 08:00:00,0.00005000,0.05024000
1782043200001,2026-06-21 12:00:00,0.00005000,0.04857000
1782057600000,2026-06-21 16:00:00,0.00005000,0.04852420
1782072000004,2026-06-21 20:00:00,0.00005000,0.04897000
1782086400000,2026-06-22 00:00:00,0.00005000,0.04807000
1782100800000,2026-06-22 04:00:00,0.00005000,0.04904985
1782115200000,2026-06-22 08:00:00,0.00005012,0.04794000
1782129600000,2026-06-22 12:00:00,0.00005000,0.04902101
1782144000002,2026-06-22 16:00:00,0.00005000,0.04869000
1782158400000,2026-06-22 20:00:00,0.00005000,0.04817448
1782172800003,2026-06-23 00:00:00,0.00005000,0.04766500
1782187200000,2026-06-23 04:00:00,0.00005000,0.04752400
1782201600005,2026-06-23 08:00:00,0.00005000,0.04567160
1782216000000,2026-06-23 12:00:00,0.00005000,0.04548427
1782230400002,2026-06-23 16:00:00,0.00009814,0.04624000
1782244800000,2026-06-23 20:00:00,0.00005000,0.04590112
1782259200005,2026-06-24 00:00:00,0.00005000,0.04592500
1782288000005,2026-06-24 08:00:00,0.00005000,0.04512000
1782302400005,2026-06-24 12:00:00,0.00005000,0.04507223
1782316800003,2026-06-24 16:00:00,0.00005000,0.04274727
1782331200006,2026-06-24 20:00:00,0.00005000,0.04134000
1782345600000,2026-06-25 00:00:00,0.00005000,0.04185000
1782360000008,2026-06-25 04:00:00,0.00005000,0.04211983
1782374400000,2026-06-25 08:00:00,0.00005000,0.04300317
1782388800006,2026-06-25 12:00:00,0.00005000,0.04160261
1782403200000,2026-06-25 16:00:00,0.00005000,0.04075000
1782417600011,2026-06-25 20:00:00,0.00005000,0.04016623
1782432000010,2026-06-26 00:00:00,0.00005000,0.04043683
1782446400001,2026-06-26 04:00:00,0.00005000,0.04151517
1782460800002,2026-06-26 08:00:00,0.00027848,0.04394000
1782475200004,2026-06-26 12:00:00,0.00014790,0.04733000
1782489600000,2026-06-26 16:00:00,0.00020757,0.04583000
1782504000000,2026-06-26 20:00:00,0.00010873,0.04634000
1782518400000,2026-06-27 00:00:00,0.00005000,0.04548000
1782532800000,2026-06-27 04:00:00,0.00015874,0.04570357
1782547200000,2026-06-27 08:00:00,0.00005000,0.04610000
1782561600001,2026-06-27 12:00:00,0.00005000,0.04728500
1782576000009,2026-06-27 16:00:00,0.00005000,0.04666572
1782590400000,2026-06-27 20:00:00,0.00005000,0.04642871
1782604800000,2026-06-28 00:00:00,0.00005000,0.04825000
1782619200002,2026-06-28 04:00:00,0.00005000,0.04801000
1782633600013,2026-06-28 08:00:00,0.00005000,0.04830000
1782648000008,2026-06-28 12:00:00,0.00005000,0.04677000
1782662400000,2026-06-28 16:00:00,0.00005000,0.04550500
1782676800003,2026-06-28 20:00:00,0.00005000,0.04424500
1782691200006,2026-06-29 00:00:00,0.00005000,0.04454470
1782705600000,2026-06-29 04:00:00,0.00005000,0.04504576
1782720000013,2026-06-29 08:00:00,0.00005000,0.04384000
1782734400001,2026-06-29 12:00:00,0.00005000,0.04378666
1782748800004,2026-06-29 16:00:00,0.00005000,0.04346000
1782763200000,2026-06-29 20:00:00,0.00005000,0.04459717
1782777600000,2026-06-30 00:00:00,0.00005000,0.04448817
1782792000000,2026-06-30 04:00:00,0.00005000,0.04317000
1782806400000,2026-06-30 08:00:00,0.00005000,0.04197992
1782820800002,2026-06-30 12:00:00,0.00050513,0.04000000
1782835200005,2026-06-30 16:00:00,0.00009747,0.03797530
1782849600003,2026-06-30 20:00:00,0.00005000,0.03970000
1782864000000,2026-07-01 00:00:00,0.00021936,0.03914000
1782878400001,2026-07-01 04:00:00,0.00025324,0.04204000
1782892800000,2026-07-01 08:00:00,0.00005000,0.03998000
1782907200000,2026-07-01 12:00:00,0.00005000,0.03944332
1782921600000,2026-07-01 16:00:00,0.00005000,0.04022000
1782936000000,2026-07-01 20:00:00,0.00005000,0.03865683
1782950400000,2026-07-02 00:00:00,0.00005000,0.03799000
1782964800003,2026-07-02 04:00:00,0.00005000,0.03883029
1782979200000,2026-07-02 08:00:00,0.00005000,0.03734318
1782993600005,2026-07-02 12:00:00,0.00005012,0.03781121
1783008000000,2026-07-02 16:00:00,0.00005093,0.03831910
1783022400008,2026-07-02 20:00:00,0.00008016,0.03784250
1783036800000,2026-07-03 00:00:00,0.00009018,0.03742720
1783051200000,2026-07-03 04:00:00,0.00011930,0.03816000
1783065600007,2026-07-03 08:00:00,0.00010158,0.03873076
1783080000002,2026-07-03 12:00:00,0.00015121,0.04067996
1783094400000,2026-07-03 16:00:00,0.00007566,0.04117000
1783108800001,2026-07-03 20:00:00,0.00005000,0.04161000
1783123200000,2026-07-04 00:00:00,0.00005000,0.04140000
1783137600006,2026-07-04 04:00:00,0.00005000,0.04064000
1783152000000,2026-07-04 08:00:00,0.00006100,0.04141000
1783166400000,2026-07-04 12:00:00,0.00005000,0.04175745
1783180800007,2026-07-04 16:00:00,0.00010765,0.04168256
1783195200000,2026-07-04 20:00:00,0.00005000,0.04141833
1783209600003,2026-07-05 00:00:00,0.00016147,0.04071000
1783224000002,2026-07-05 04:00:00,0.00013526,0.04009000
1783238400001,2026-07-05 08:00:00,0.00006637,0.03992000
1783252800000,2026-07-05 12:00:00,0.00014020,0.03934000
1783267200000,2026-07-05 16:00:00,0.00008797,0.03980631
1783281600000,2026-07-05 20:00:00,0.00018220,0.03943490
1783296000000,2026-07-06 00:00:00,0.00018519,0.03941800
1783310400000,2026-07-06 04:00:00,0.00005000,0.03974980
1783324800000,2026-07-06 08:00:00,0.00014229,0.04006483
1783339200002,2026-07-06 12:00:00,0.00005919,0.03961000
1783353600000,2026-07-06 16:00:00,0.00024495,0.04053741
1783368000003,2026-07-06 20:00:00,0.00012465,0.04253262
1783382400000,2026-07-07 00:00:00,0.00005000,0.04295000
1783396800000,2026-07-07 04:00:00,0.00012869,0.04229534
1783411200000,2026-07-07 08:00:00,0.00005000,0.04170700
1783425600010,2026-07-07 12:00:00,0.00027081,0.04153942
1783440000000,2026-07-07 16:00:00,0.00016957,0.04233121
1783454400000,2026-07-07 20:00:00,0.00005000,0.04126450
1783468800000,2026-07-08 00:00:00,0.00005000,0.04017401
1783483200003,2026-07-08 04:00:00,0.00012055,0.04013510
1783497600000,2026-07-08 08:00:00,0.00049487,0.04073722
1783512000005,2026-07-08 12:00:00,0.00025147,0.04503216
1783526400000,2026-07-08 16:00:00,0.00005000,0.04059285
1783540800006,2026-07-08 20:00:00,0.00005000,0.03970783
1783555200000,2026-07-09 00:00:00,0.00005000,0.04024166
1783569600002,2026-07-09 04:00:00,0.00005000,0.04034323
1783584000001,2026-07-09 08:00:00,0.00005000,0.04016000
1783598400002,2026-07-09 12:00:00,0.00005000,0.04059000
1783612800001,2026-07-09 16:00:00,0.00005000,0.04169000
1783627200000,2026-07-09 20:00:00,0.00005000,0.04208000
1783641600000,2026-07-10 00:00:00,0.00005000,0.04244020
1783656000000,2026-07-10 04:00:00,0.00005000,0.04410000
1783670400005,2026-07-10 08:00:00,0.00005000,0.04402000
1783684800002,2026-07-10 12:00:00,0.00005000,0.04497000
1783699200005,2026-07-10 16:00:00,0.00005000,0.04399000
1783713600000,2026-07-10 20:00:00,0.00005000,0.04401530
1783728000000,2026-07-11 00:00:00,0.00005000,0.04368000
1783742400000,2026-07-11 04:00:00,0.00005000,0.04239851
1783756800000,2026-07-11 08:00:00,0.00010243,0.04243507
1783771200008,2026-07-11 12:00:00,0.00005000,0.04194245
1783785600000,2026-07-11 16:00:00,0.00005000,0.04117000
1783800000000,2026-07-11 20:00:00,0.00022549,0.04120500
1783814400000,2026-07-12 00:00:00,0.00021172,0.04075850
1783828800000,2026-07-12 04:00:00,0.00035750,0.04065000
1783843200003,2026-07-12 08:00:00,0.00032687,0.04182000
1783857600000,2026-07-12 12:00:00,0.00034999,0.04210703
1783872000000,2026-07-12 16:00:00,0.00022103,0.04118000
1783886400002,2026-07-12 20:00:00,0.00017345,0.04221621
1783900800000,2026-07-13 00:00:00,0.00027898,0.04455947
1783915200000,2026-07-13 04:00:00,0.00015931,0.04329000
1783929600001,2026-07-13 08:00:00,0.00005883,0.04172985
1783944000000,2026-07-13 12:00:00,0.00008324,0.04098909
1783958400004,2026-07-13 16:00:00,0.00010298,0.04252000
1783972800000,2026-07-13 20:00:00,0.00016255,0.04184000
1783987200000,2026-07-14 00:00:00,0.00005000,0.04089000
1784001600000,2026-07-14 04:00:00,0.00006428,0.04107000
1784016000002,2026-07-14 08:00:00,0.00005000,0.04057000
1784030400001,2026-07-14 12:00:00,0.00005000,0.04071782
1784044800001,2026-07-14 16:00:00,0.00005000,0.04243000
1784059200000,2026-07-14 20:00:00,0.00005000,0.04227317
1784073600005,2026-07-15 00:00:00,0.00005000,0.04255826
1784088000003,2026-07-15 04:00:00,0.00005000,0.04263433
1784102400002,2026-07-15 08:00:00,0.00005000,0.04386245
1784116800003,2026-07-15 12:00:00,0.00005000,0.04369024
1784131200000,2026-07-15 16:00:00,0.00016012,0.04323500
1784145600002,2026-07-15 20:00:00,0.00069201,0.04301726
1784160000000,2026-07-16 00:00:00,0.00034023,0.04302000
1784174400003,2026-07-16 04:00:00,0.00019899,0.04382645
1784188800003,2026-07-16 08:00:00,0.00006613,0.04450000
1784203200001,2026-07-16 12:00:00,0.00062895,0.04870000
1784217600002,2026-07-16 16:00:00,0.00040996,0.05162000
1784232000002,2026-07-16 20:00:00,0.00008514,0.05121887
1784246400000,2026-07-17 00:00:00,0.00040571,0.05235000
1784260800000,2026-07-17 04:00:00,0.00008920,0.04753690
1784275200010,2026-07-17 08:00:00,0.00005085,0.04636000
1784289600004,2026-07-17 12:00:00,0.00005000,0.04506000
1784304000004,2026-07-17 16:00:00,0.00005000,0.04482000
1784318400000,2026-07-17 20:00:00,0.00005000,0.04324000
1784332800000,2026-07-18 00:00:00,0.00005000,0.04309000
1784347200000,2026-07-18 04:00:00,0.00005000,0.04360933
1784361600000,2026-07-18 08:00:00,0.00005000,0.04325743
1784376000002,2026-07-18 12:00:00,0.00005000,0.04406000
1784390400001,2026-07-18 16:00:00,0.00005000,0.04385000
1784404800004,2026-07-18 20:00:00,0.00005000,0.04426000
1784419200003,2026-07-19 00:00:00,0.00020929,0.04786744
1784433600000,2026-07-19 04:00:00,0.00005000,0.04816628
1784448000000,2026-07-19 08:00:00,0.00012845,0.04473847
1784462400000,2026-07-19 12:00:00,0.00008221,0.04776720
1784476800001,2026-07-19 16:00:00,0.00005000,0.04568000
1784491200004,2026-07-19 20:00:00,0.00005000,0.04533830
1784505600000,2026-07-20 00:00:00,0.00005000,0.04556500
1784520000000,2026-07-20 04:00:00,0.00005000,0.04595213
1784534400001,2026-07-20 08:00:00,0.00005000,0.04615000
1784548800000,2026-07-20 12:00:00,0.00005000,0.04550967
1784563200004,2026-07-20 16:00:00,0.00023059,0.04590000
1784577600002,2026-07-20 20:00:00,0.00020400,0.04662895
1784592000001,2026-07-21 00:00:00,0.00014468,0.04625000
1784606400000,2026-07-21 04:00:00,0.00005555,0.04758000
1784620800000,2026-07-21 08:00:00,0.00005000,0.04761078
1784635200000,2026-07-21 12:00:00,0.00005000,0.04665000
1784649600002,2026-07-21 16:00:00,0.00005000,0.04945589
1784664000000,2026-07-21 20:00:00,0.00011154,0.05023652
1784678400000,2026-07-22 00:00:00,0.00005000,0.05136987
1784692800008,2026-07-22 04:00:00,0.00005000,0.05176235
1784707200000,2026-07-22 08:00:00,0.00005000,0.04892394
1784721600000,2026-07-22 12:00:00,0.00005000,0.05043912
1784736000001,2026-07-22 16:00:00,0.00006195,0.04981500
1784750400000,2026-07-22 20:00:00,0.00005000,0.04923967
1784764800000,2026-07-23 00:00:00,0.00024755,0.04988000
1784779200006,2026-07-23 04:00:00,0.00005000,0.05167053
1784793600000,2026-07-23 08:00:00,0.00005000,0.05174000
1784808000000,2026-07-23 12:00:00,0.00008142,0.05303613
1784822400000,2026-07-23 16:00:00,0.00008860,0.05277000
1784836800000,2026-07-23 20:00:00,0.00014216,0.05281000
1784851200000,2026-07-24 00:00:00,0.00011092,0.05421000
1784865600001,2026-07-24 04:00:00,0.00006047,0.05340000
1784880000000,2026-07-24 08:00:00,0.00005000,0.05131540
1784894400000,2026-07-24 12:00:00,0.00005000,0.04941385
1784908800008,2026-07-24 16:00:00,0.00023330,0.04953000
1784923200001,2026-07-24 20:00:00,0.00011814,0.04871827
1784937600002,2026-07-25 00:00:00,0.00006868,0.04874000
1784952000000,2026-07-25 04:00:00,0.00026050,0.04779000
1784966400000,2026-07-25 08:00:00,0.00005000,0.04638000
1784980800000,2026-07-25 12:00:00,0.00009224,0.04620000
1784995200000,2026-07-25 16:00:00,0.00015336,0.04602000
1785009600003,2026-07-25 20:00:00,0.00006974,0.04575000
1785024000000,2026-07-26 00:00:00,0.00009484,0.04605000
1785038400000,2026-07-26 04:00:00,0.00029943,0.04712456
1785052800002,2026-07-26 08:00:00,0.00005000,0.04601000
1785067200000,2026-07-26 12:00:00,0.00020751,0.04613000
1785081600000,2026-07-26 16:00:00,0.00017993,0.04661000
1785096000000,2026-07-26 20:00:00,0.00005000,0.04590000
1785110400010,2026-07-27 00:00:00,0.00043524,0.04631000
1785124800000,2026-07-27 04:00:00,0.00030590,0.04716450
1785139200000,2026-07-27 08:00:00,0.00013961,0.04910476
1785153600000,2026-07-27 12:00:00,0.00031069,0.04959827
1785168000001,2026-07-27 16:00:00,0.00036865,0.04909881
1785182400004,2026-07-27 20:00:00,0.00043171,0.05014000
1785196800000,2026-07-28 00:00:00,0.00036883,0.05193000
1785211200012,2026-07-28 04:00:00,0.00037453,0.05411000
1785225600000,2026-07-28 08:00:00,0.00041477,0.05249000
1785240000001,2026-07-28 12:00:00,0.00056373,0.05414000
1785254400000,2026-07-28 16:00:00,0.00027671,0.05430910
1785268800000,2026-07-28 20:00:00,0.00036004,0.05437080
1785283200000,2026-07-29 00:00:00,0.00031374,0.05434000
1785297600000,2026-07-29 04:00:00,0.00005000,0.05273466
1785312000002,2026-07-29 08:00:00,0.00005000,0.04983000
1785326400007,2026-07-29 12:00:00,0.00005000,0.04964000
1785340800000,2026-07-29 16:00:00,0.00005000,0.05133000
1785355200003,2026-07-29 20:00:00,0.00007966,0.05114000
1785369600000,2026-07-30 00:00:00,0.00005000,0.05099000
1785384000001,2026-07-30 04:00:00,0.00005000,0.05151657
1785398400000,2026-07-30 08:00:00,0.00005000,0.05158000
1785412800000,2026-07-30 12:00:00,0.00024371,0.05238000
1785427200000,2026-07-30 16:00:00,0.00013801,0.05112000
1785441600003,2026-07-30 20:00:00,0.00005000,0.05129204
1785456000003,2026-07-31 00:00:00,0.00012668,0.05219538
1785470400000,2026-07-31 04:00:00,0.00014223,0.05197821
1785484800000,2026-07-31 08:00:00,0.00005000,0.05142317
1785499200000,2026-07-31 12:00:00,0.00005000,0.04991662
1785513600000,2026-07-31 16:00:00,0.00011295,0.05108000
1785528000001,2026-07-31 20:00:00,0.00005000,0.05131268
1785542400001,2026-08-01 00:00:00,0.00009394,0.05168000
1785556800000,2026-08-01 04:00:00,0.00009336,0.05261703
1785571200000,2026-08-01 08:00:00,0.00012284,0.05343000
1785585600000,2026-08-01 12:00:00,0.00005000,0.05363000
1785600000000,2026-08-01 16:00:00,0.00040607,0.05482336
1785614400000,2026-08-01 20:00:00,0.00005000,0.05528341
1785628800000,2026-08-02 00:00:00,0.00005000,0.05366000
1785643200000,2026-08-02 04:00:00,0.00005000,0.05684000
1785657600000,2026-08-02 08:00:00,0.00012204,0.05633270
1785672000007,2026-08-02 12:00:00,0.00036502,0.05807077
1785686400000,2026-08-02 16:00:00,0.00007273,0.05431848
1785700800002,2026-08-02 20:00:00,0.00008549,0.05543000
1785715200000,2026-08-03 00:00:00,0.00028878,0.05547885
1785729600000,2026-08-03 04:00:00,0.00014822,0.05370749
1785744000000,2026-08-03 08:00:00,0.00018171,0.05339000
1785758400000,2026-08-03 12:00:00,0.00005000,0.05404000
1785772800000,2026-08-03 16:00:00,0.00005000,0.05491715
1785787200003,2026-08-03 20:00:00,0.00005000,0.05458000
1785801600004,2026-08-04 00:00:00,0.00005000,0.05322000
1785816000002,2026-08-04 04:00:00,0.00005000,0.05399000
1785830400002,2026-08-04 08:00:00,0.00005000,0.05379483
1785844800002,2026-08-04 12:00:00,0.00005000,0.05301000
1785859200000,2026-08-04 16:00:00,0.00015245,0.05273175
1785873600000,2026-08-04 20:00:00,0.00029304,0.05142000
1785888000003,2026-08-05 00:00:00,0.00005000,0.05069133
1785902400001,2026-08-05 04:00:00,0.00010554,0.05277159
1785916800004,2026-08-05 08:00:00,0.00005000,0.05456112
1785931200008,2026-08-05 12:00:00,0.00005000,0.05330480
1785945600000,2026-08-05 16:00:00,0.00005000,0.05268000
1785960000000,2026-08-05 20:00:00,0.00005000,0.05396000
1785974400002,2026-08-06 00:00:00,0.00023273,0.05367000
1785988800000,2026-08-06 04:00:00,0.00038080,0.05647501
1786003200000,2026-08-06 08:00:00,0.00045534,0.05766000
1786017600000,2026-08-06 12:00:00,0.00038547,0.05417000
1786032000000,2026-08-06 16:00:00,0.00026883,0.05482000
1786046400001,2026-08-06 20:00:00,0.00019837,0.05595511
1786060800000,2026-08-07 00:00:00,0.00033162,0.05525000
1786075200000,2026-08-07 04:00:00,0.00005236,0.05416768
1786089600000,2026-08-07 08:00:00,0.00040251,0.05353000
1786104000000,2026-08-07 12:00:00,0.00016738,0.05413000
1786118400000,2026-08-07 16:00:00,0.00020883,0.05325770
1786132800000,2026-08-07 20:00:00,0.00055613,0.05370883
1786147200001,2026-08-08 00:00:00,0.00020422,0.05323822
1786161600000,2026-08-08 04:00:00,0.00024063,0.05346000
1786176000000,2026-08-08 08:00:00,0.00005000,0.05365000
1786190400001,2026-08-08 12:00:00,0.00039154,0.05442000
1786204800002,2026-08-08 16:00:00,0.00037770,0.05721000
1786219200000,2026-08-08 20:00:00,0.00040824,0.05848406
1786233600000,2026-08-09 00:00:00,0.00028472,0.05695000
1786248000000,2026-08-09 04:00:00,0.00005000,0.05550449
1786262400005,2026-08-09 08:00:00,0.00029926,0.05629000
1786276800000,2026-08-09 12:00:00,0.00038502,0.05532000
1786291200000,2026-08-09 16:00:00,0.00007263,0.05508000
1786305600000,2026-08-09 20:00:00,0.00049227,0.05532323
1786320000001,2026-08-10 00:00:00,0.00026178,0.05383356
1786334400000,2026-08-10 04:00:00,0.00010738,0.05492148
1786348800005,2026-08-10 08:00:00,0.00006042,0.05503000
1786363200000,2026-08-10 12:00:00,0.00007788,0.05434000
1786377600000,2026-08-10 16:00:00,0.00005000,0.05391000
1786392000000,2026-08-10 20:00:00,0.00005000,0.05342000
1786406400000,2026-08-11 00:00:00,0.00005000,0.05351000
1786420800000,2026-08-11 04:00:00,0.00035181,0.05624000
1786435200006,2026-08-11 08:00:00,0.00005000,0.05516844
1786449600001,2026-08-11 12:00:00,0.00005000,0.05519745
1786464000000,2026-08-11 16:00:00,0.00014512,0.05428797
1786478400003,2026-08-11 20:00:00,0.00005000,0.05482633
1786492800001,2026-08-12 00:00:00,0.00006106,0.05461500
1786507200000,2026-08-12 04:00:00,0.00005000,0.05506000
1786521600000,2026-08-12 08:00:00,0.00005000,0.05561000
1786536000000,2026-08-12 12:00:00,0.00005000,0.05583604
1786550400000,2026-08-12 16:00:00,0.00005000,0.05534000
1786564800001,2026-08-12 20:00:00,0.00005000,0.05513000
1786579200000,2026-08-13 00:00:00,0.00025682,0.05619000
1786593600000,2026-08-13 04:00:00,0.00030365,0.05826000
1786608000000,2026-08-13 08:00:00,0.00005579,0.05640824
1786622400000,2026-08-13 12:00:00,0.00022984,0.05798000
1786636800000,2026-08-13 16:00:00,0.00026374,0.05921295
1786651200002,2026-08-13 20:00:00,0.00028575,0.05813000
1786665600000,2026-08-14 00:00:00,0.00053463,0.05836000
1786680000001,2026-08-14 04:00:00,0.00024577,0.05746000
1786694400001,2026-08-14 08:00:00,0.00016944,0.05904951
1786708800002,2026-08-14 12:00:00,0.00030573,0.05853000
1786723200001,2026-08-14 16:00:00,0.00074711,0.05972000
1786737600000,2026-08-14 20:00:00,0.00026392,0.06124000
1786752000003,2026-08-15 00:00:00,0.00017218,0.06110310
1786766400000,2026-08-15 04:00:00,0.00027999,0.06212782
1786780800002,2026-08-15 08:00:00,0.00020422,0.06120601
1786795200001,2026-08-15 12:00:00,0.00019953,0.06126000
1786809600000,2026-08-15 16:00:00,0.00013405,0.06190000
1786824000003,2026-08-15 20:00:00,0.00008867,0.06028000
1786838400000,2026-08-16 00:00:00,0.00027010,0.05943000
1786852800001,2026-08-16 04:00:00,0.00019692,0.05960709
1786867200002,2026-08-16 08:00:00,0.00019409,0.05822000
1786881600008,2026-08-16 12:00:00,0.00033349,0.05878000
1786896000000,2026-08-16 16:00:00,0.00021968,0.05852000
1786910400000,2026-08-16 20:00:00,0.00008812,0.05831000
1786924800001,2026-08-17 00:00:00,0.00008817,0.05726000
1786939200001,2026-08-17 04:00:00,0.00026453,0.05821000
1786953600003,2026-08-17 08:00:00,0.00012611,0.05833074
1786968000002,2026-08-17 12:00:00,0.00014098,0.05780180
1786982400005,2026-08-17 16:00:00,0.00005638,0.05735782
1786996800000,2026-08-17 20:00:00,0.00023788,0.05861000
1787011200006,2026-08-18 00:00:00,0.00017132,0.05928163
1787025600001,2026-08-18 04:00:00,0.00005000,0.05980873
1787040000001,2026-08-18 08:00:00,0.00005000,0.05946633
1787054400000,2026-08-18 12:00:00,0.00012523,0.05937000
1787068800003,2026-08-18 16:00:00,0.00005000,0.05570000
1787083200008,2026-08-18 20:00:00,0.00005000,0.05231000
1787097600000,2026-08-19 00:00:00,0.00011993,0.05320000
1787112000001,2026-08-19 04:00:00,0.00005804,0.05331436
1787126400000,2026-08-19 08:00:00,0.00005000,0.05195000
1787140800000,2026-08-19 12:00:00,0.00019650,0.04885000
1787155200004,2026-08-19 16:00:00,0.00015875,0.04936121
1787169600009,2026-08-19 20:00:00,0.00005000,0.04900858
1787184000001,2026-08-20 00:00:00,0.00017410,0.04972000
1787198400011,2026-08-20 04:00:00,0.00008652,0.04899000
1787212800000,2026-08-20 08:00:00,0.00007263,0.04917406
1787227200002,2026-08-20 12:00:00,0.00021686,0.05146335
1787241600005,2026-08-20 16:00:00,0.00034563,0.05916000
1787256000001,2026-08-20 20:00:00,0.00029931,0.06218000
1787270400004,2026-08-21 00:00:00,0.00040275,0.06363000
1787284800000,2026-08-21 04:00:00,0.00049582,0.06532782
1787299200000,2026-08-21 08:00:00,0.00008614,0.07116754
1787313600000,2026-08-21 12:00:00,0.00005000,0.05590000
1787328000001,2026-08-21 16:00:00,0.00005000,0.05879000
1787342400000,2026-08-21 20:00:00,0.00005000,0.05966690
1787356800000,2026-08-22 00:00:00,0.00005000,0.06079883
1787371200004,2026-08-22 04:00:00,0.00018098,0.06020000
1787385600000,2026-08-22 08:00:00,0.00005000,0.05757000
1787400000002,2026-08-22 12:00:00,0.00005000,0.05791000
1787414400000,2026-08-22 16:00:00,0.00005000,0.05738000
1787428800001,2026-08-22 20:00:00,0.00005000,0.05695000
